4.982896
4.1828957
3.3828957
4.1828957
3.3828957
2.5828958
1.7828958
0.9828958
0.18289578
-0.61710423
-1.4171042
-2.2171042
-3.0171041
-3.817104
-4.617104
-5.4171042
-6.2171044
-7.0171046
-7.817105
-8.617105
-9.417105
-8.617105
-9.417105
-10.217105
-11.017105
-11.817105
-12.6171055
-13.417106
-14.217106
-15.017106
-15.817106
-16.617105
-17.417105
-18.217104
-19.017103
-19.817102
-20.617102
-21.4171
-22.2171
-23.0171
-22.2171
-23.0171
-23.817099
-24.617098
-25.417097
-26.217096
-27.017096
-27.817095
-27.017096
-27.817095
-28.617094
-29.417093
-30.217093
-31.017092
-31.817091
-32.617092
-31.817093
-32.617092
-33.41709
-34.21709
-35.01709
-35.81709
-36.61709
-35.81709
-36.61709
-37.417088
-38.217087
-39.017086
-39.817085
-40.617085
-41.417084
-42.217083
-41.417084
-40.617085
-39.817085
-40.617085
-41.417084
-42.217083
-43.017082
-43.81708
-44.61708
-45.41708
-46.21708
-47.01708
-47.817078
-47.01708
-47.817078
-48.617077
-49.417076
-49.217075
-49.417076
-49.217075
-49.017075
-48.817074
-48.617073
-48.417072
-48.21707
-48.01707
-47.81707
-47.61707
-47.41707
-47.217068
-47.017067
-46.817066
-46.617065
-46.417065
-46.217064
-46.017063
-45.817062
-45.61706
-45.41706
-45.21706
-45.01706
-45.21706
-45.01706
-45.21706
-45.01706
-45.21706
-45.01706
-45.21706
-45.01706
-44.81706
-44.617058
-44.81706
-44.617058
-44.417057
-44.217056
-44.417057
-44.217056
-44.017056
-43.817055
-43.617054
-43.417053
-43.217052
-43.01705
-42.81705
-42.61705
-42.41705
-42.21705
-42.017048
-41.817047
-41.617046
-41.817047
-41.617046
-41.417046
-41.217045
-41.017044
-40.817043
-41.017044
-40.817043
-40.617043
-40.41704
-40.21704
-40.01704
-39.81704
-39.61704
-39.417038
-39.61704
-39.417038
-39.217037
-39.017036
-38.817036
-39.017036
-38.817036
-38.617035
-38.817036
-39.017036
-38.817036
-38.617035
-38.417034
-38.217033
-38.417034
-38.617035
-38.417034
-38.217033
-38.417034
-38.617035
-38.817036
-39.017036
-39.217037
-39.417038
-39.61704
-39.81704
-40.01704
-39.81704
-39.61704
-39.81704
-40.01704
-40.21704
-40.41704
-40.617043
-40.817043
-40.617043
-40.817043
-40.617043
-40.817043
-41.017044
-41.217045
-41.017044
-41.217045
-41.417046
-41.617046
-41.817047
-42.017048
-42.21705
-42.017048
-41.817047
-42.017048
-42.21705
-42.41705
-42.61705
-42.81705
-43.01705
-43.217052
-43.417053
-43.617054
-43.817055
-44.017056
-44.217056
-44.417057
-44.617058
-44.81706
-45.01706
-45.21706
-45.41706
-45.61706
-45.817062
-46.017063
-46.217064
-45.417065
-46.217064
-45.417065
-44.617065
-45.417065
-44.617065
-43.817066
-43.017067
-42.217068
-43.017067
-42.217068
-41.41707
-40.61707
-39.81707
-39.01707
-38.21707
-37.417072
-36.617073
-35.817074
-35.017075
-35.817074
-35.017075
-34.217075
-33.417076
-32.617077
-31.817078
-31.017078
-30.21708
-31.017078
-30.21708
-29.41708
-28.61708
-27.817081
-27.017082
-26.217083
-25.417084
-24.617085
-23.817085
-23.017086
-22.217087
-23.017086
-22.217087
-21.417088
-20.617088
-19.81709
-19.01709
-18.21709
-17.417091
-16.617092
-15.817092
-15.017092
-14.217092
-13.417091
-12.617091
-11.817091
-11.017091
-10.217091
-9.41709
-8.61709
-7.81709
-7.01709
-6.2170897
-5.4170895
-4.6170893
-3.8170893
-3.0170894
-3.8170893
-3.0170894
-2.2170894
-1.4170895
-0.61708945
0.18291056
0.9829106
1.7829106
2.5829105
3.3829105
2.5829105
3.3829105
4.1829104
4.9829106
5.782911
6.582911
7.382911
8.182911
8.982911
9.782911
10.5829115
11.382912
12.182912
11.382912
12.182912
11.5829115
12.182912
12.782912
12.182912
11.5829115
10.982911
10.382911
9.78291
10.382911
9.78291
9.18291
8.58291
7.9829097
7.38291
6.78291
6.18291
5.58291
4.98291
4.3829103
3.7829103
3.1829104
2.5829105
3.1829104
2.5829105
3.1829104
2.5829105
1.9829105
1.3829105
1.9829105
1.3829105
0.78291047
0.18291044
-0.41708958
-1.0170896
-1.6170896
-2.2170897
-2.8170896
-2.2170897
-2.8170896
-3.4170895
-4.0170894
-4.6170893
-5.217089
-5.817089
-6.417089
-7.017089
-7.617089
-8.217089
-8.817089
-9.417089
-10.01709
-10.61709
-11.217091
-11.817091
-12.417091
-13.017092
-13.617092
-14.2170925
-14.817093
-15.417093
-16.017094
-16.617094
-17.217094
-16.617094
-17.217094
-17.817095
-18.417095
-19.017096
-19.617096
-20.217096
-19.617096
-20.217096
-20.817097
-21.417097
-22.017097
-22.617098
-23.217098
-23.817099
-24.417099
-25.0171
-25.6171
-26.2171
-25.6171
-25.0171
-24.417099
-23.817099
-23.217098
-22.617098
-22.017097
-21.417097
-20.817097
-20.217096
-19.617096
-19.017096
-18.417095
-17.817095
-17.217094
-16.617094
-16.017094
-15.417093
-14.817093
-15.417093
-14.817093
-14.2170925
-13.617092
-13.017092
-13.617092
-13.017092
-12.417091
-11.817091
-11.217091
-10.61709
-10.01709
-9.417089
-8.817089
-8.217089
-7.617089
-7.017089
-6.417089
-5.817089
-5.217089
-4.6170893
-5.217089
-4.6170893
-4.0170894
-3.4170895
-2.8170896
-2.2170897
-2.8170896
-2.2170897
-1.6170896
-1.0170896
-0.41708958
0.18291044
0.78291047
1.3829105
1.9829105
1.3829105
1.9829105
2.5829105
3.1829104
3.7829103
4.3829103
3.7829103
4.3829103
4.98291
5.58291
6.18291
6.78291
7.38291
7.9829097
8.38291
7.9829097
7.5829096
7.1829095
6.7829094
6.3829093
5.982909
5.582909
5.182909
4.782909
4.382909
3.9829087
3.5829086
3.1829085
2.7829084
2.3829083
1.9829084
1.5829084
1.9829084
1.5829084
1.1829084
0.78290844
0.38290843
-0.017091572
-0.41709158
-0.8170916
-1.2170916
-1.6170915
-2.0170915
-2.4170916
-2.8170917
-3.2170918
-3.617092
-4.0170918
-4.417092
-4.817092
-5.217092
-5.617092
-6.017092
-6.4170923
-6.8170924
-7.2170925
-7.6170926
-8.017093
-8.417092
-8.817092
-9.217092
-9.617091
-10.017091
-10.41709
-10.017091
-10.41709
-10.81709
-11.21709
-11.617089
-12.817089
-11.617089
-10.417089
-9.21709
-8.01709
-6.81709
-5.61709
-4.4170904
-3.2170904
-2.0170903
-0.8170903
0.38290977
1.5829098
2.7829099
3.98291
2.7829099
3.98291
5.18291
3.98291
5.18291
6.38291
7.5829096
8.782909
9.982909
8.782909
9.982909
11.182909
9.982909
11.182909
12.382909
13.582909
14.782908
15.982908
17.182909
18.38291
19.58291
20.782911
19.58291
20.782911
21.982912
23.182913
24.382914
25.582914
26.782915
27.982916
29.182917
27.982916
29.182917
30.382917
31.582918
32.782917
33.982918
35.18292
36.38292
37.58292
38.78292
39.98292
41.182922
42.382923
43.582924
44.782925
45.982925
47.182926
48.382927
49.582928
50.78293
51.98293
50.582928
49.182926
47.782925
46.382923
44.98292
46.382923
44.98292
43.58292
42.18292
40.782917
39.382915
37.982914
36.582912
35.18291
36.582912
35.18291
33.78291
32.382908
30.982908
29.582909
30.982908
29.582909
30.982908
29.582909
28.182909
26.78291
25.38291
26.78291
25.38291
23.98291
22.58291
21.18291
19.782911
18.382912
19.782911
18.382912
16.982912
18.382912
16.982912
15.582912
14.182913
12.782913
11.382914
9.982914
8.582914
7.1829143
5.782914
4.382914
5.782914
4.382914
2.982914
1.582914
0.18291402
-1.217086
-2.617086
-4.017086
-5.417086
-6.817086
-8.217086
-9.617085
-11.017085
-12.417085
-13.817084
-15.217084
-16.617085
-18.017084
-19.417084
-20.817083
-22.217083
-23.617083
-25.017082
-26.417082
-27.817081
-29.217081
-30.61708
-32.017082
-33.417084
-32.017082
-33.417084
-34.817085
-36.217087
-34.817085
-33.417084
-34.817085
-36.217087
-37.61709
-39.01709
-40.41709
-41.817093
-43.217094
-44.617096
-46.017097
-44.617096
-46.017097
-47.4171
-48.8171
-50.217102
-51.617104
-51.217102
-50.8171
-50.4171
-50.017097
-50.4171
-50.017097
-49.617096
-49.217094
-48.817093
-48.41709
-48.817093
-49.217094
-48.817093
-48.41709
-48.01709
-48.41709
-48.01709
-47.61709
-48.01709
-47.61709
-47.217087
-47.61709
-47.217087
-46.817085
-46.417084
-46.017082
-45.61708
-45.21708
-44.817078
-44.417076
-44.017075
-43.617073
-43.21707
-43.617073
-44.017075
-43.617073
-43.21707
-43.617073
-43.21707
-42.81707
-42.41707
-42.017067
-41.617065
-41.217064
-41.617065
-41.217064
-40.817062
-40.41706
-40.817062
-40.41706
-40.817062
-40.41706
-40.01706
-40.41706
-40.01706
-39.617058
-39.217056
-38.817055
-38.417053
-38.01705
-37.61705
-38.61705
-39.61705
-40.61705
-41.61705
-40.61705
-41.61705
-42.61705
-43.61705
-44.61705
-45.61705
-44.61705
-45.61705
-46.61705
-47.61705
-48.61705
-49.61705
-50.61705
-51.61705
-52.61705
-53.61705
-54.61705
-55.61705
-56.61705
-57.61705
-58.61705
-59.61705
-60.61705
-61.61705
-62.61705
-63.61705
-64.61705
-65.61705
-66.61705
-67.61705
-68.61705
-69.61705
-70.61705
-71.61705
-70.61705
-71.61705
-72.61705
-73.61705
-74.61705
-75.61705
-76.61705
-77.61705
-78.61705
-79.61705
-80.61705
-81.61705
-82.61705
-83.61705
-82.61705
-83.61705
-84.61705
-85.61705
-86.61705
-87.61705
-88.61705
-87.61705
-88.61705
-89.61705
-90.61705
-91.61705
-92.61705
-93.61705
-94.61705
-95.61705
-96.61705
-97.61705
-96.61705
-97.61705
-98.61705
-99.61705
-100.61705
-101.61705
-102.61705
-103.61705
-104.61705
-105.61705
-104.61705
-103.61705
-104.61705
-105.61705
-106.61705
-107.61705
-108.61705
-109.61705
-110.61705
-111.61705
-112.61705
-113.61705
-114.61705
-115.61705
-116.61705
-117.61705
-118.61705
-119.61705
-120.61705
-119.01705
-117.41705
-115.817055
-117.41705
-115.817055
-114.21706
-112.61706
-114.21706
-112.61706
-114.21706
-112.61706
-111.01706
-109.41706
-107.81706
-106.217064
-104.617065
-103.01707
-101.41707
-99.81707
-98.21707
-96.61707
-95.017075
-93.417076
-91.81708
-90.21708
-88.61708
-87.01708
-85.41708
-83.817085
-82.21709
-80.61709
-79.01709
-77.41709
-79.01709
-77.41709
-79.01709
-77.41709
-75.81709
-74.217094
-72.617096
-71.0171
-69.4171
-67.8171
-69.4171
-71.0171
-69.4171
-67.8171
-66.2171
-64.6171
-63.017105
-61.417107
-63.017105
-61.417107
-63.017105
-61.417107
-59.81711
-58.21711
-56.61711
-55.017113
-55.61711
-56.21711
-56.81711
-57.417107
-58.017105
-58.617104
-58.017105
-58.617104
-59.217102
-59.8171
-60.4171
-61.017097
-61.617096
-62.217094
-62.817093
-62.217094
-61.617096
-61.017097
-61.617096
-62.217094
-62.817093
-63.41709
-64.01709
-64.61709
-65.21709
-65.817085
-66.41708
-67.01708
-67.61708
-68.21708
-68.81708
-69.417076
-70.017075
-70.61707
-71.21707
-71.81707
-72.41707
-73.01707
-73.617065
-74.217064
-74.81706
-75.41706
-76.01706
-76.61706
-77.21706
-77.817055
-78.41705
-79.01705
-79.61705
-80.21705
-80.81705
-81.417046
-82.017044
-82.61704
-83.21704
-83.81704
-84.41704
-85.01704
-85.617035
-86.21703
-85.617035
-84.41704
-83.21704
-82.017044
-80.81705
-82.017044
-80.81705
-79.61705
-78.41705
-77.21706
-76.01706
-74.81706
-73.617065
-72.41707
-71.21707
-70.017075
-68.81708
-70.017075
-68.81708
-67.61708
-66.41708
-65.21709
-64.01709
-62.81709
-61.61709
-60.417088
-59.217087
-58.017086
-56.817085
-55.617085
-54.417084
-53.217083
-52.017082
-50.81708
-49.61708
-48.41708
-47.21708
-46.01708
-44.817078
-43.617077
-42.417076
-43.617077
-42.417076
-43.617077
-42.417076
-43.617077
-44.817078
-43.617077
-42.417076
-41.217075
-40.017075
-38.817074
-37.617073
-36.417072
-35.21707
-34.01707
-32.81707
-31.61707
-30.417068
-29.217068
-28.017067
-26.817066
-25.617065
-24.417065
-23.217064
-22.017063
-20.817062
-19.617062
-18.41706
-17.21706
-16.01706
-14.8170595
-13.61706
-12.41706
-11.21706
-10.01706
-8.81706
-7.6170607
-6.417061
-5.217061
-4.017061
-2.8170612
-1.6170611
-0.4170611
0.78293896
1.982939
3.182939
1.982939
3.182939
4.3829393
5.582939
6.782939
7.982939
9.182939
10.382938
11.582938
12.782938
12.182938
11.582937
10.982937
10.3829365
9.782936
9.182936
8.582935
7.9829354
7.3829355
6.7829356
6.1829357
5.582936
4.982936
4.382936
3.782936
3.1829362
2.5829363
1.9829363
1.3829362
0.7829362
0.18293619
0.7829362
0.18293619
-0.41706383
-1.0170639
-1.6170639
-2.217064
-2.8170638
-3.4170637
-4.0170636
-4.6170635
-5.2170634
-5.8170633
-5.2170634
-5.8170633
-6.417063
-7.017063
-7.617063
-8.217063
-8.817063
-9.417064
-10.017064
-10.617064
-11.217065
-10.617064
-11.217065
-11.817065
-12.417066
-13.017066
-13.617066
-14.217067
-14.817067
-15.417068
-16.017067
-16.617067
-17.217068
-17.817068
-18.417068
-17.817068
-18.417068
-17.817068
-17.217068
-17.817068
-18.417068
-19.017069
-19.61707
-20.21707
-20.81707
-21.41707
-22.01707
-22.617071
-23.217072
-23.817072
-24.417072
-25.017073
-24.417072
-25.017073
-25.617073
-26.217073
-26.817074
-27.417074
-28.017075
-28.617075
-29.217075
-29.817076
-30.417076
-31.017076
-31.617077
-32.217075
-32.817074
-33.417072
-34.01707
-34.61707
-34.41707
-34.217068
-34.017067
-33.817066
-33.617065
-33.417065
-33.217064
-33.017063
-32.817062
-32.61706
-32.41706
-32.21706
-32.01706
-31.817059
-31.617058
-31.817059
-31.617058
-31.417057
-31.217056
-31.017056
-30.817055
-30.617054
-30.417053
-30.217052
-30.017052
-29.81705
-29.61705
-29.41705
-29.217049
-29.017048
-28.817047
-28.617046
-28.417046
-28.217045
-28.417046
-28.217045
-28.417046
-28.217045
-28.017044
-27.817043
-27.617043
-27.417042
-27.217041
-27.01704
-26.81704
-26.617039
-26.417038
-26.217037
-26.017036
-25.817036
-25.617035
-25.417034
-25.217033
-25.017033
-24.817032
-24.617031
-24.41703
-24.21703
-24.017029
-24.21703
-24.017029
-23.817028
-23.617027
-23.417027
-23.217026
-23.017025
-22.817024
-23.017025
-22.817024
-22.617023
-22.817024
-22.617023
-22.817024
-22.617023
-22.417023
-22.217022
-22.017021
-21.81702
-21.61702
-21.417019
-21.217018
-21.017017
-20.817017
-21.017017
-21.217018
-21.017017
-20.817017
-20.617016
-20.417015
-20.217014
-20.017014
-21.617014
-23.217014
-24.817015
-26.417015
-28.017015
-26.417015
-28.017015
-29.617016
-31.217016
-32.817017
-34.417015
-36.017014
-37.617012
-39.21701
-40.81701
-42.417007
-44.017006
-45.617004
-47.217003
-48.817
-50.417
-52.017
-53.616997
-55.216995
-56.816994
-58.416992
-60.01699
-61.61699
-63.216988
-64.816986
-63.216988
-61.61699
-63.216988
-64.816986
-66.416985
-68.01698
-69.61698
-71.21698
-72.81698
-74.41698
-76.016975
-77.616974
-79.21697
-80.81697
-79.21697
-80.81697
-82.41697
-84.01697
-85.61697
-87.216965
-88.81696
-90.41696
-88.81696
-90.41696
-92.01696
-93.61696
-95.21696
-96.816956
-98.416954
-100.01695
-101.61695
-103.21695
-104.81695
-106.41695
-108.016945
-109.61694
-111.21694
-112.81694
-114.41694
-116.01694
-117.616936
-119.216934
-120.81693
-122.41693
-124.01693
-125.61693
-124.01693
-125.61693
-127.21693
-128.81693
-130.41693
-132.01694
-133.61694
-135.21695
-136.81696
-138.41696
-140.01697
-141.61697
-143.21698
-141.61697
-143.21698
-143.01698
-142.81699
-142.61699
-142.41699
-142.217
-142.017
-141.817
-141.617
-141.417
-141.21701
-141.417
-141.21701
-141.01701
-140.81702
-140.61702
-140.41702
-140.21703
-140.01703
-139.81703
-139.61703
-139.81703
-140.01703
-139.81703
-139.61703
-139.41704
-139.21704
-139.01704
-138.81705
-138.61705
-138.41705
-138.21706
-138.01706
-137.81706
-137.61707
-137.41707
-137.21707
-137.01707
-136.81708
-136.61708
-136.81708
-136.61708
-136.41708
-136.61708
-136.41708
-136.21709
-136.01709
-135.8171
-135.6171
-135.4171
-135.2171
-135.0171
-134.81711
-134.61711
-134.41711
-134.21712
-134.01712
-133.81712
-133.61713
-133.41713
-133.21713
-133.01714
-132.81714
-133.01714
-132.81714
-132.61714
-132.41714
-132.21715
-132.41714
-132.21715
-132.41714
-132.21715
-132.01715
-132.21715
-132.41714
-132.21715
-132.01715
-131.81715
-131.61716
-131.41716
-131.21716
-131.01717
-130.81717
-130.61717
-130.41718
-130.21718
-130.41718
-130.21718
-130.01718
-129.01718
-130.01718
-131.01718
-132.01718
-133.01718
-134.01718
-135.01718
-136.01718
-137.01718
-138.01718
-139.01718
-140.01718
-141.01718
-142.01718
-143.01718
-144.01718
-143.01718
-144.01718
-143.01718
-144.01718
-145.01718
-146.01718
-147.01718
-148.01718
-149.01718
-150.01718
-149.01718
-150.01718
-151.01718
-150.01718
-151.01718
-152.01718
-153.01718
-152.01718
-153.01718
-154.01718
-155.01718
-156.01718
-157.01718
-158.01718
-159.01718
-160.01718
-161.01718
-162.01718
-163.01718
-164.01718
-165.01718
-166.01718
-167.01718
-166.01718
-167.01718
-168.01718
-169.01718
-170.01718
-171.01718
-172.01718
-173.01718
-174.01718
-173.01718
-174.01718
-175.01718
-174.01718
-175.01718
-174.01718
-175.01718
-176.01718
-177.01718
-178.01718
-179.01718
-180.01718
-181.01718
-182.01718
-183.01718
-182.01718
-183.01718
-184.01718
-183.01718
-184.01718
-185.01718
-186.01718
-185.01718
-184.01718
-185.01718
-186.01718
-187.01718
-188.01718
-189.01718
-190.01718
-191.01718
-192.01718
-193.01718
-194.01718
-195.01718
-196.01718
-197.01718
-196.01718
-195.01718
-194.01718
-195.01718
-196.01718
-194.41718
-196.01718
-194.41718
-192.81717
-191.21716
-189.61716
-188.01715
-186.41714
-184.81714
-183.21713
-181.61713
-180.01712
-178.41711
-176.81711
-175.2171
-173.6171
-172.01709
-170.41708
-168.81708
-167.21707
-165.61707
-164.01706
-162.41705
-160.81705
-159.21704
-157.61703
-156.01703
-154.41702
-152.81702
-151.21701
-149.617
-151.21701
-149.617
-148.017
-146.41699
-144.81699
-143.21698
-141.61697
-140.01697
-138.41696
-136.81696
-135.21695
-133.61694
-132.01694
-133.61694
-132.01694
-133.61694
-132.01694
-130.41693
-128.81693
-127.21693
-125.61693
-124.01693
-122.41693
-120.81693
-119.216934
-117.616936
-116.01694
-114.41694
-112.81694
-111.21694
-109.61694
-108.016945
-108.41695
-108.81695
-109.21695
-109.61695
-110.01695
-110.416954
-110.816956
-111.21696
-111.61696
-112.01696
-112.41696
-112.81696
-112.41696
-112.81696
-113.216965
-113.61697
-114.01697
-114.41697
-114.81697
-115.21697
-115.616974
-116.016975
-116.41698
-116.81698
-117.21698
-117.61698
-118.01698
-118.416985
-118.01698
-118.416985
-118.01698
-118.416985
-118.816986
-119.21699
-119.61699
-120.01699
-119.61699
-120.01699
-120.41699
-120.81699
-121.216995
-120.81699
-121.216995
-121.617
-122.017
-122.417
-122.817
-123.217
-123.617004
-124.017006
-124.41701
-124.81701
-125.21701
-124.81701
-125.21701
-125.61701
-126.01701
-126.417015
-126.81702
-126.417015
-126.01701
-125.61701
-125.21701
-124.81701
-124.41701
-124.017006
-124.41701
-124.017006
-123.617004
-123.217
-122.817
-123.217
-122.817
-122.417
-122.017
-121.617
-121.216995
-120.81699
-120.41699
-120.01699
-119.61699
-120.01699
-120.41699
-120.01699
-119.61699
-119.21699
-118.816986
-118.416985
-118.01698
-117.61698
-118.01698
-117.61698
-117.21698
-117.61698
-117.21698
-116.81698
-116.41698
-116.016975
-115.616974
-115.21697
-114.81697
-114.41697
-114.01697
-113.61697
-113.216965
-112.81696
-112.41696
-112.01696
-111.61696
-111.21696
-110.816956
-110.416954
-110.01695
-109.61695
-109.21695
-109.61695
-109.21695
-108.81695
-108.41695
-108.016945
-107.61694
-107.21694
-106.81694
-106.41694
-106.81694
-106.41694
-106.01694
-105.616936
-105.216934
-104.81693
-104.41693
-104.01693
-103.61693
-103.21693
-102.816925
-102.41692
-102.01692
-101.61692
-101.21692
-101.61692
-102.01692
-101.61692
-101.21692
-100.81692
-100.416916
-101.81692
-103.21692
-104.61692
-106.01692
-107.41692
-108.816925
-110.21693
-111.61693
-113.01693
-114.41693
-115.81693
-117.216934
-118.616936
-120.01694
-121.41694
-122.81694
-124.21694
-125.61694
-127.016945
-128.41695
-129.81694
-128.41695
-129.81694
-131.21693
-132.61693
-134.01692
-135.41692
-136.81691
-138.2169
-136.81691
-135.41692
-136.81691
-138.2169
-139.6169
-141.01689
-142.41689
-143.81688
-145.21687
-146.61687
-145.21687
-146.61687
-145.21687
-146.61687
-148.01686
-149.41685
-150.81685
-152.21684
-153.61684
-155.01683
-156.41682
-157.81682
-159.21681
-160.6168
-162.0168
-163.4168
-164.81679
-166.21678
-167.61678
-169.01677
-170.41676
-171.81676
-173.21675
-174.61674
-176.01674
-177.41673
-178.81673
-180.21672
-178.81673
-180.21672
-178.61671
-177.01671
-178.61671
-177.01671
-175.4167
-173.8167
-175.4167
-177.01671
-175.4167
-173.8167
-172.21669
-173.8167
-172.21669
-170.61668
-169.01668
-167.41667
-165.81667
-164.21666
-162.61665
-161.01665
-159.41664
-157.81664
-156.21663
-154.61662
-153.01662
-151.41661
-149.8166
-148.2166
-146.6166
-145.01659
-143.41658
-141.81657
-143.41658
-141.81657
-143.41658
-141.81657
-140.21657
-138.61656
-137.01656
-135.41655
-133.81654
-135.41655
-133.81654
-132.21654
-130.61653
-129.01653
-127.41653
-125.81653
-124.21653
-122.61653
-121.01653
-119.416534
-117.816536
-116.21654
-114.61654
-113.01654
-111.41654
-109.81654
-108.216545
-109.216545
-110.216545
-111.216545
-112.216545
-113.216545
-114.216545
-115.216545
-116.216545
-117.216545
-118.216545
-117.216545
-118.216545
-119.216545
-120.216545
-121.216545
-122.216545
-123.216545
-124.216545
-125.216545
-124.216545
-125.216545
-126.216545
-127.216545
-126.216545
-127.216545
-128.21655
-129.21655
-130.21655
-131.21655
-132.21655
-133.21655
-134.21655
-135.21655
-136.21655
-137.21655
-138.21655
-137.21655
-138.21655
-139.21655
-140.21655
-141.21655
-142.21655
-143.21655
-144.21655
-145.21655
-146.21655
-147.21655
-148.21655
-149.21655
-150.21655
-151.21655
-152.21655
-153.21655
-154.21655
-155.21655
-156.21655
-157.21655
-158.21655
-159.21655
-160.21655
-161.21655
-162.21655
-163.21655
-164.21655
-165.21655
-166.21655
-167.21655
-168.21655
-167.21655
-168.21655
-169.21655
-170.21655
-171.21655
-171.01656
-170.81656
-170.61656
-170.41656
-170.21657
-170.41656
-170.21657
-170.01657
-169.81657
-169.61658
-169.41658
-169.21658
-169.01659
-168.81659
-168.6166
-168.4166
-168.2166
-168.4166
-168.2166
-168.0166
-167.8166
-167.61661
-167.41661
-167.21661
-167.01662
-166.81662
-167.01662
-166.81662
-166.61662
-166.41663
-166.21663
-166.01663
-165.81664
-165.61664
-165.41664
-165.61664
-165.41664
-165.21664
-165.01665
-164.81665
-165.01665
-164.81665
-165.01665
-164.81665
-164.61665
-164.41666
-164.21666
-164.01666
-163.81667
-163.61667
-163.41667
-163.21667
-163.01668
-162.81668
-162.61668
-162.41669
-162.21669
-162.0167
-161.8167
-161.6167
-161.4167
-161.2167
-161.01671
-160.81671
-160.61671
-160.41672
-160.21672
-161.01672
-161.81673
-162.61673
-163.41673
-164.21674
-165.01674
-165.81674
-166.61674
-167.41675
-168.21675
-169.01675
-169.81676
-170.61676
-171.41676
-172.21677
-173.01677
-173.81677
-174.61678
-173.81677
-174.61678
-175.41678
-176.21678
-177.01678
-177.81679
-178.61679
-179.4168
-180.2168
-181.0168
-181.8168
-182.6168
-183.41681
-184.21681
-185.01682
-185.81682
-186.61682
-187.41682
-188.21683
-189.01683
-189.81683
-190.61684
-191.41684
-192.21684
-193.01685
-193.81685
-194.61685
-195.41685
-196.21686
-197.01686
-197.81686
-198.61687
-199.41687
-200.21687
-201.01688
-201.81688
-201.01688
-201.81688
-202.61688
-203.41689
-204.21689
-205.01689
-205.8169
-206.6169
-207.4169
-208.2169
-209.0169
-209.81691
-210.61691
-211.41692
-212.21692
-213.01692
-211.81693
-210.61693
-211.81693
-210.61693
-209.41693
-208.21693
-207.01694
-205.81694
-207.01694
-205.81694
-204.61694
-203.41695
-202.21695
-201.01695
-199.81696
-201.01695
-199.81696
-198.61696
-197.41696
-196.21696
-195.01697
-193.81697
-192.61697
-191.41698
-190.21698
-189.01698
-187.81699
-186.61699
-185.41699
-184.217
-183.017
-181.817
-180.617
-179.417
-178.21701
-177.01701
-175.81702
-174.61702
-173.41702
-172.21703
-171.01703
-172.21703
-171.01703
-169.81703
-168.61703
-169.81703
-168.61703
-167.41704
-166.21704
-165.01704
-163.81705
-162.61705
-161.41705
-160.21706
-159.01706
-157.81706
-156.61707
-157.81706
-156.61707
-155.41707
-154.21707
-153.01707
-151.81708
-150.61708
-149.41708
-148.21709
-147.01709
-145.8171
-144.6171
-143.4171
-142.2171
-141.0171
-139.81711
-141.0171
-139.81711
-138.61711
-137.41711
-136.21712
-137.01712
-137.81712
-138.61713
-139.41713
-140.21713
-139.41713
-140.21713
-141.01714
-141.81714
-141.01714
-141.81714
-142.61714
-143.41714
-144.21715
-145.01715
-145.81715
-146.61716
-145.81715
-146.61716
-147.41716
-148.21716
-147.41716
-148.21716
-149.01717
-149.81717
-150.61717
-151.41718
-152.21718
-151.41718
-152.21718
-153.01718
-152.21718
-153.01718
-153.81718
-154.61719
-155.41719
-156.2172
-157.0172
-157.8172
-158.6172
-157.8172
-158.6172
-159.4172
-160.21721
-161.01721
-161.81721
-162.61722
-163.41722
-164.21722
-165.01723
-165.81723
-166.61723
-167.41724
-168.21724
-169.01724
-169.81725
-170.61725
-171.41725
-172.21725
-173.01726
-173.81726
-174.61726
-175.41727
-176.21727
-175.41727
-176.21727
-177.01727
-176.21727
-177.01727
-177.81728
-178.61728
-179.41728
-178.61728
-179.41728
-180.21729
-181.01729
-181.81729
-182.6173
-183.4173
-184.2173
-185.0173
-185.8173
-186.61731
-187.41731
-188.21732
-189.01732
-189.81732
-190.61732
-191.41733
-192.21733
-193.01733
-193.81734
-194.61734
-194.21735
-194.61734
-194.21735
-193.81735
-193.41736
-193.01736
-192.61737
-192.21738
-191.81738
-191.41739
-191.0174
-190.6174
-190.2174
-189.81741
-189.41742
-189.01743
-188.61743
-188.21744
-188.61743
-188.21744
-187.81744
-187.41745
-187.01746
-186.61746
-186.21747
-185.81747
-185.41748
-185.01749
-184.6175
-184.2175
-183.8175
-183.41751
-183.01752
-182.61752
-182.21753
-181.81754
-181.41754
-181.01755
-180.61755
-180.21756
-179.81757
-179.41757
-179.01758
-178.61758
-178.21759
-178.61758
-178.21759
-177.8176
-177.4176
-177.01761
-176.61761
-176.21762
-175.81763
-175.41763
-175.01764
-174.61765
-174.21765
-173.81766
-174.21765
-173.81766
-173.41766
-173.81766
-173.41766
-173.01767
-172.61768
-172.21768
-171.81769
-171.4177
-171.0177
-170.6177
-170.21771
-169.81772
-169.41772
-169.01773
-168.61774
-168.21774
-167.81775
-167.41776
-167.01776
-166.61777
-166.21777
-165.81778
-165.41779
-165.01779
-165.8178
-166.6178
-167.4178
-168.2178
-169.0178
-169.81781
-170.61781
-171.41782
-170.61781
-171.41782
-172.21782
-171.41782
-172.21782
-173.01782
-173.81783
-174.61783
-175.41783
-176.21783
-177.01784
-177.81784
-178.61784
-179.41785
-180.21785
-179.41785
-180.21785
-181.01785
-180.21785
-181.01785
-181.81786
-182.61786
-183.41786
-184.21786
-185.01787
-185.81787
-186.61787
-187.41788
-188.21788
-187.41788
-188.21788
-189.01788
-189.81789
-190.61789
-191.4179
-192.2179
-193.0179
-193.8179
-193.0179
-193.8179
-194.6179
-195.41791
-196.21791
-197.01791
-197.81792
-198.61792
-197.81792
-198.61792
-199.41792
-200.21793
-201.01793
-201.81793
-202.61794
-203.41794
-204.21794
-205.01794
-205.81795
-206.61795
-207.41795
-208.21796
-207.61795
-207.01794
-206.41794
-205.81793
-205.21793
-204.61792
-204.01791
-203.41791
-202.8179
-202.2179
-201.61789
-202.2179
-202.8179
-202.2179
-201.61789
-201.01788
-200.41788
-199.81787
-199.21786
-198.61786
-198.01785
-197.41785
-196.81784
-196.21783
-195.61783
-195.01782
-194.41782
-193.81781
-193.2178
-193.81781
-193.2178
-192.6178
-192.01779
-191.41779
-190.81778
-190.21777
-189.61777
-189.01776
-188.41776
-187.81775
-187.21774
-186.61774
-186.01773
-185.41772
-184.81772
-184.21771
-183.6177
-183.0177
-182.4177
-181.81769
-182.4177
-181.81769
-181.21768
-180.61768
-180.01767
-179.41766
-178.81766
-178.21765
-177.61765
-177.01764
-176.41763
-175.81763
-175.21762
-174.61761
-174.01761
-173.4176
-172.8176
-172.21759
-173.61758
-175.01758
-176.41757
-177.81757
-176.41757
-175.01758
-176.41757
-177.81757
-179.21756
-180.61755
-182.01755
-183.41754
-182.01755
-183.41754
-184.81754
-186.21753
-187.61752
-189.01752
-190.41751
-191.8175
-193.2175
-194.6175
-196.01749
-197.41748
-198.81747
-200.21747
-201.61746
-200.21747
-201.61746
-203.01746
-204.41745
-205.81744
-207.21744
-208.61743
-207.21744
-208.61743
-210.01743
-211.41742
-212.81741
-211.41742
-212.81741
-214.2174
-215.6174
-217.0174
-218.41739
-219.81738
-221.21738
-222.61737
-224.01736
-225.41736
-226.81735
-228.21735
-229.61734
-231.01733
-232.41733
-231.21733
-230.01733
-228.81734
-227.61734
-226.41734
-225.21735
-224.01735
-222.81735
-221.61736
-220.41736
-219.21736
-218.01736
-216.81737
-218.01736
-216.81737
-215.61737
-214.41737
-213.21738
-214.41737
-213.21738
-214.41737
-213.21738
-212.01738
-210.81738
-209.61739
-208.41739
-207.21739
-206.0174
-204.8174
-203.6174
-202.4174
-201.2174
-200.01741
-198.81741
-197.61742
-196.41742
-195.21742
-194.01743
-192.81743
-191.61743
-190.41743
-189.21744
-188.01744
-186.81744
-185.61745
-184.41745
-185.61745
-184.41745
-183.21745
-182.01746
-180.81746
-179.61746
-178.41747
-177.21747
-176.01747
-174.81747
-173.61748
-172.41748
-171.21748
-170.01749
-168.81749
-167.6175
-168.81749
-167.6175
-166.4175
-165.2175
-164.0175
-162.8175
-161.61751
-160.41751
-159.21751
-158.01752
-156.81752
-155.61752
-156.81752
-155.61752
-156.81752
-155.61752
-154.41753
-153.21753
-152.01753
-150.81754
-149.61754
-148.41754
-147.21754
-146.01755
-144.81755
-143.61755
-142.41756
-141.21756
-140.01756
-138.81757
-140.01756
-138.81757
-140.01756
-138.81757
-140.01756
-141.21756
-142.41756
-143.61755
-144.81755
-146.01755
-147.21754
-148.41754
-149.61754
-150.81754
-152.01753
-153.21753
-154.41753
-155.61752
-156.81752
-158.01752
-159.21751
-160.41751
-161.61751
-162.8175
-164.0175
-162.8175
-164.0175
-165.2175
-164.0175
-165.2175
-166.4175
-167.6175
-168.81749
-170.01749
-171.21748
-172.41748
-173.61748
-174.81747
-176.01747
-177.21747
-178.41747
-179.61746
-180.81746
-182.01746
-183.21745
-184.41745
-185.61745
-186.81744
-188.01744
-189.21744
-190.41743
-191.61743
-192.81743
-194.01743
-195.21742
-194.01743
-195.21742
-196.41742
-197.61742
-198.81741
-200.01741
-198.2174
-196.4174
-194.6174
-192.8174
-191.0174
-189.21739
-187.41739
-185.61739
-183.81738
-182.01738
-180.21738
-178.41737
-180.21738
-178.41737
-180.21738
-178.41737
-176.61737
-174.81737
-173.01736
-171.21736
-169.41736
-167.61736
-165.81735
-164.01735
-162.21735
-160.41734
-158.61734
-156.81734
-155.01733
-153.21733
-151.41733
-149.61732
-147.81732
-146.01732
-147.81732
-146.01732
-144.21732
-142.41731
-140.61731
-138.8173
-140.61731
-138.8173
-137.0173
-135.2173
-133.4173
-131.6173
-129.81729
-128.01729
-126.217285
-124.41728
-122.61728
-120.817276
-122.61728
-124.41728
-122.61728
-120.817276
-119.01727
-120.61727
-122.21727
-123.81727
-125.41727
-127.017265
-125.41727
-127.017265
-128.61726
-130.21727
-131.81728
-133.41728
-135.01729
-136.6173
-138.2173
-139.8173
-138.2173
-136.6173
-138.2173
-139.8173
-141.41731
-143.01732
-144.61732
-146.21733
-147.81734
-149.41734
-151.01735
-152.61736
-154.21736
-155.81737
-157.41737
-159.01738
-160.61739
-162.21739
-163.8174
-165.4174
-167.01741
-168.61742
-170.21742
-168.61742
-170.21742
-171.81743
-173.41743
-175.01744
-173.41743
-175.01744
-176.61745
-178.21745
-179.81746
-181.41747
-183.01747
-184.61748
-186.21748
-187.81749
-189.4175
-191.0175
-192.61751
-194.21751
-195.81752
-197.41753
-199.01753
-200.61754
-202.21754
-203.81755
-205.41756
-207.01756
-208.61757
-210.21758
-208.61757
-210.21758
-211.81758
-213.41759
-215.0176
-216.6176
-215.0176
-216.6176
-218.2176
-219.81761
-221.41762
-223.01762
-224.61763
-226.21764
-227.81764
-229.41765
-231.01765
-229.61766
-228.21767
-226.81767
-225.41768
-224.01768
-222.61769
-221.2177
-219.8177
-218.41771
-217.01772
-215.61772
-214.21773
-212.81773
-211.41774
-210.01775
-208.61775
-207.21776
-205.81776
-204.41777
-203.01778
-201.61778
-200.21779
-198.8178
-197.4178
-196.0178
-194.61781
-193.21782
-191.81783
-190.41783
-189.01784
-187.61784
-186.21785
-184.81786
-183.41786
-182.01787
-180.61787
-182.01787
-180.61787
-179.21788
-177.81789
-179.21788
-177.81789
-176.4179
-175.0179
-173.6179
-175.0179
-173.6179
-172.21791
-170.81792
-169.41792
-168.01793
-166.61794
-165.21794
-163.81795
-162.41795
-161.01796
-159.61797
-158.21797
-156.81798
-155.41798
-154.01799
-152.618
-151.218
-149.81801
-148.41801
-147.01802
-145.61803
-144.21803
-142.81804
-141.41805
-140.01805
-138.61806
-137.21806
-135.81807
-134.41808
-133.01808
-134.41808
-133.01808
-131.61809
-130.2181
-128.8181
-127.4181
-126.0181
-127.4181
-126.0181
-124.618095
-123.218094
-121.81809
-120.41809
-119.01809
-117.61809
-116.21809
-114.818085
-113.41808
-114.41808
-115.41808
-114.41808
-115.41808
-116.41808
-117.41808
-118.41808
-119.41808
-120.41808
-121.41808
-122.41808
-123.41808
-124.41808
-125.41808
-124.41808
-125.41808
-124.41808
-125.41808
-124.41808
-125.41808
-126.41808
-127.41808
-126.41808
-127.41808
-128.41809
-129.41809
-130.41809
-129.41809
-130.41809
-131.41809
-130.41809
-129.41809
-130.41809
-131.41809
-132.41809
-133.41809
-134.41809
-135.41809
-136.41809
-137.41809
-138.41809
-139.41809
-140.41809
-141.41809
-142.41809
-143.41809
-144.41809
-143.41809
-144.41809
-143.41809
-144.41809
-145.41809
-146.41809
-147.41809
-148.41809
-149.41809
-148.41809
-149.41809
-150.41809
-151.41809
-152.41809
-153.41809
-154.41809
-155.41809
-156.41809
-157.41809
-158.41809
-159.41809
-160.41809
-161.41809
-162.41809
-163.41809
-164.41809
-165.41809
-166.41809
-165.41809
-166.41809
-167.41809
-168.41809
-167.41809
-168.41809
-167.0181
-165.6181
-164.21811
-162.81812
-164.21811
-162.81812
-161.41812
-160.01813
-158.61813
-157.21814
-155.81815
-154.41815
-153.01816
-151.61816
-150.21817
-151.61816
-150.21817
-148.81818
-147.41818
-146.01819
-144.6182
-143.2182
-141.8182
-140.41821
-139.01822
-137.61823
-136.21823
-134.81824
-133.41824
-132.01825
-130.61826
-129.21826
-127.81826
-126.41826
-125.01826
-123.618256
-122.218254
-120.81825
-119.41825
-120.81825
-119.41825
-120.81825
-119.41825
-118.01825
-116.61825
-115.21825
-113.818245
-112.41824
-111.01824
-112.41824
-111.01824
-109.61824
-108.21824
-106.81824
-105.418236
-106.81824
-105.418236
-104.018234
-102.61823
-101.21823
-99.81823
-98.41823
-97.01823
-98.41823
-97.01823
-95.618225
-94.21822
-94.41822
-94.61822
-94.818214
-95.01821
-95.21821
-95.418205
-95.6182
-95.8182
-95.6182
-95.8182
-96.018196
-96.21819
-96.41819
-96.61819
-96.818184
-96.61819
-96.818184
-97.01818
-97.21818
-97.418175
-97.61817
-97.81817
-98.018166
-98.21816
-98.41816
-98.61816
-98.41816
-98.61816
-98.81815
-99.01815
-99.21815
-99.418144
-99.61814
-99.81814
-100.018135
-100.21813
-100.41813
-100.618126
-100.81812
-101.01812
-101.21812
-101.41811
-101.61811
-101.81811
-102.018105
-102.2181
-102.018105
-102.2181
-102.4181
-102.618095
-102.81809
-103.01809
-103.21809
-103.41808
-103.61808
-103.81808
-103.61808
-103.81808
-104.018074
-104.21807
-104.41807
-104.618065
-104.81806
-105.01806
-103.61806
-102.218056
-103.61806
-102.218056
-100.818054
-102.218056
-100.818054
-99.41805
-98.01805
-96.61805
-95.21805
-93.81805
-92.418045
-91.01804
-89.61804
-88.21804
-86.81804
-85.41804
-84.018036
-82.618034
-81.21803
-79.81803
-78.41803
-79.81803
-78.41803
-77.01803
-75.61803
-77.01803
-75.61803
-74.218025
-72.81802
-71.41802
-70.01802
-68.61802
-67.21802
-65.818016
-64.418015
-63.018013
-61.61801
-60.21801
-58.81801
-57.418007
-56.018005
-54.618004
-53.218002
-51.818
-50.418
-49.017998
-47.617996
-46.217995
-44.817993
-43.41799
-42.01799
-40.61799
-39.217987
-37.817986
-36.417984
-35.017982
-33.61798
-35.017982
-33.61798
-32.21798
-30.81798
-29.41798
-28.01798
-26.617981
-25.217981
-23.817982
-22.417982
-21.017982
-19.617983
-18.217983
-16.817984
-15.417984
-14.017984
-12.617985
-11.217985
-9.817986
-10.217985
-10.617985
-11.017984
-10.617985
-11.017984
-10.617985
-11.017984
-11.417984
-11.817984
-12.217983
-12.617983
-13.0179825
-13.417982
-13.817982
-14.217981
-14.617981
-15.017981
-15.41798
-15.81798
-15.41798
-15.81798
-16.21798
-16.61798
-17.017979
-16.61798
-17.017979
-17.417978
-17.817978
-18.217978
-18.617977
-18.217978
-18.617977
-19.017977
-19.417976
-19.017977
-19.417976
-19.817976
-20.217976
-19.817976
-20.217976
-20.617975
-21.017975
-21.417974
-21.817974
-21.417974
-21.017975
-21.417974
-21.817974
-22.217974
-22.617973
-22.217974
-22.617973
-23.017973
-23.417973
-23.817972
-24.217972
-24.617971
-25.017971
-25.41797
-25.81797
-26.21797
-25.81797
-26.21797
-26.61797
-27.01797
-27.417969
-27.817968
-28.217968
-28.617968
-29.017967
-29.417967
-29.817966
-30.217966
-30.617966
-31.017965
-31.417965
-31.817965
-32.217964
-32.617966
-33.017967
-33.41797
-33.81797
-32.81797
-31.81797
-30.81797
-29.81797
-28.81797
-27.81797
-26.81797
-25.81797
-24.81797
-23.81797
-22.81797
-21.81797
-20.81797
-19.81797
-18.81797
-17.81797
-16.81797
-15.81797
-14.81797
-13.81797
-12.81797
-11.81797
-10.81797
-9.81797
-8.81797
-7.8179703
-6.8179703
-5.8179703
-4.8179703
-3.8179703
-2.8179703
-1.8179703
-0.8179703
0.18202972
1.1820297
2.1820297
3.1820297
4.1820297
5.1820297
4.1820297
5.1820297
6.1820297
7.1820297
8.18203
9.18203
10.18203
11.18203
12.18203
13.18203
14.18203
15.18203
16.18203
17.18203
18.18203
19.18203
20.18203
21.18203
22.18203
23.18203
22.18203
23.18203
24.18203
25.18203
24.18203
23.18203
22.18203
21.18203
20.18203
19.18203
18.18203
17.18203
16.18203
15.18203
14.18203
13.18203
12.18203
11.18203
10.18203
9.18203
10.18203
9.18203
8.18203
7.1820297
6.1820297
7.1820297
6.1820297
5.1820297
4.1820297
3.1820297
2.1820297
1.1820297
0.18202972
-0.8179703
-1.8179703
-2.8179703
-3.8179703
-4.8179703
-5.8179703
-6.8179703
-7.8179703
-8.81797
-9.81797
-10.81797
-11.81797
-12.81797
-13.81797
-14.81797
-15.81797
-16.81797
-17.81797
-18.81797
-17.81797
-18.81797
-19.81797
-20.81797
-21.81797
-22.81797
-23.81797
-24.81797
-25.81797
-26.81797
-27.81797
-28.81797
-29.81797
-30.81797
-32.41797
-30.817968
-29.217968
-27.617968
-26.017967
-27.617968
-26.017967
-24.417967
-22.817966
-21.217966
-22.817966
-21.217966
-22.817966
-21.217966
-19.617966
-18.017965
-16.417965
-14.817965
-13.217964
-11.617964
-13.217964
-11.617964
-10.017963
-8.417963
-6.817963
-5.217963
-3.6179633
-2.0179634
-0.4179634
1.1820366
2.7820368
1.1820368
2.7820368
4.3820367
5.9820366
7.5820365
9.182036
10.782037
12.382037
13.982038
15.582038
17.182037
18.782038
20.382038
18.782038
20.382038
21.982038
23.582039
25.18204
26.78204
28.38204
26.78204
25.18204
26.78204
28.38204
29.98204
31.58204
33.18204
34.78204
36.38204
34.78204
36.38204
37.982037
39.582035
41.182034
42.782032
44.38203
45.98203
44.98203
43.98203
42.98203
41.98203
40.98203
39.98203
38.98203
37.98203
38.98203
37.98203
36.98203
35.98203
34.98203
33.98203
32.98203
31.982029
30.982029
29.982029
28.982029
27.982029
26.982029
25.982029
24.982029
23.982029
22.982029
21.982029
20.982029
19.982029
18.982029
19.982029
18.982029
17.982029
16.982029
15.982029
14.982029
13.982029
12.982029
11.982029
10.982029
9.982029
8.982029
7.982029
6.982029
5.982029
4.982029
3.982029
2.982029
1.982029
0.98202896
-0.017971039
-1.017971
-2.017971
-3.017971
-4.017971
-5.017971
-6.017971
-7.017971
-8.017971
-9.017971
-10.017971
-11.017971
-12.017971
-13.017971
-14.017971
-15.017971
-14.817971
-14.617971
-14.417972
-14.217972
-14.417972
-14.217972
-14.417972
-14.217972
-14.017972
-13.817972
-13.617972
-13.417973
-13.217973
-13.017973
-12.817973
-12.617973
-12.4179735
-12.217974
-12.017974
-11.817974
-11.617974
-11.817974
-11.617974
-11.417974
-11.217975
-11.017975
-11.217975
-11.017975
-11.217975
-11.017975
-10.817975
-10.617975
-10.417975
-10.217976
-10.417975
-10.217976
-10.017976
-9.817976
-9.617976
-9.417976
-9.617976
-9.817976
-9.617976
-9.417976
-9.217977
-9.017977
-8.817977
-8.617977
-8.417977
-8.217978
-8.017978
-7.817978
-7.617978
-7.4179783
-7.2179785
-7.0179787
-6.817979
-6.617979
-6.4179792
-6.2179794
-6.0179796
-5.81798
-5.61798
-6.41798
-7.2179804
-8.017981
-8.817981
-9.617981
-8.817981
-9.617981
-10.417981
-11.217981
-12.017982
-12.817982
-13.617982
-14.417982
-15.217982
-16.017982
-16.817982
-17.617981
-18.41798
-19.21798
-20.017979
-20.817978
-20.017979
-20.817978
-21.617977
-20.817978
-21.617977
-22.417976
-21.617977
-22.417976
-23.217976
-24.017975
-24.817974
-25.617973
-26.417973
-27.217972
-28.017971
-28.81797
-29.61797
-30.417969
-31.217968
-32.017967
-32.817966
-33.617966
-34.417965
-35.217964
-36.017963
-36.817963
-37.61796
-38.41796
-37.61796
-38.41796
-39.21796
-40.01796
-40.81796
-41.617958
-42.417957
-43.217957
-42.417957
-43.217957
-44.017956
-43.217957
-44.017956
-44.817955
-45.617954
-46.417953
-47.217953
-48.017952
-48.81795
-49.61795
-50.41795
-51.21795
-52.01795
-51.21795
-52.01795
-52.817947
-52.01795
-52.817947
-53.617947
-54.417946
-55.217945
-54.417946
-53.617947
-52.817947
-53.617947
-54.417946
-53.617947
-54.417946
-55.217945
-56.017944
-56.817944
-57.617943
-58.417942
-59.21794
-60.01794
-60.81794
-59.21794
-57.617943
