0.0
0.5
0.6666667
0.5
0.4
0.5
0.5714286
0.625
0.6666667
0.7
0.72727275
0.75
0.7692308
0.78571427
0.8
0.8125
0.8235294
0.8333333
0.84210527
0.85
0.85714287
0.8636364
0.8695652
0.875
0.88
0.88461536
0.8888889
0.85714287
0.86206895
0.8333333
0.8064516
0.78125
0.75757575
0.7352941
0.71428573
0.6944444
0.7027027
0.68421054
0.6666667
0.65
0.63414633
0.61904764
0.60465115
0.59090906
0.5777778
0.5652174
0.5531915
0.5625
0.5510204
0.54
0.5294118
0.53846157
0.5471698
0.5555556
0.56363636
0.5535714
0.5614035
0.5689655
0.5762712
0.5833333
0.59016395
0.5967742
0.6031746
0.59375
0.6
0.6060606
0.6119403
0.60294116
0.6086956
0.6142857
0.6197183
0.625
0.63013697
0.6351351
0.64
0.6447368
0.64935064
0.65384614
0.65822786
0.6625
0.6666667
0.6707317
0.67469877
0.6785714
0.68235296
0.68604654
0.6896552
0.6931818
0.6966292
0.7
0.7032967
0.70652175
0.7096774
0.70212764
0.70526314
0.7083333
0.7113402
0.71428573
0.7171717
0.72
0.7227723
0.7254902
0.7281553
0.72115386
0.72380954
0.7264151
0.7196262
0.7222222
0.72477067
0.72727275
0.7297297
0.73214287
0.7345133
0.7368421
0.73913044
0.7413793
0.73504275
0.7372881
0.73109245
0.73333335
0.7355372
0.7295082
0.72357726
0.7177419
0.712
0.7063492
0.70866144
0.703125
0.6976744
0.6923077
0.6870229
0.6818182
0.6766917
0.6791045
0.6814815
0.6764706
0.67153287
0.6666667
0.6618705
0.6571429
0.65957445
0.6549296
0.6573427
0.6527778
0.64827585
0.6438356
0.64625853
0.6418919
0.6375839
0.64
0.6423841
0.6447368
0.64705884
0.64285713
0.63870966
0.63461536
0.6369427
0.6392405
0.6352201
0.6375
0.63975155
0.6419753
0.6441718
0.64634144
0.6484848
0.6506024
0.6526946
0.6547619
0.65680474
0.65882355
0.6608187
0.6627907
0.6647399
0.6666667
0.6685714
0.67045456
0.6723164
0.6741573
0.67597765
0.67777777
0.67955804
0.67582417
0.6775956
0.6793478
0.68108106
0.67741936
0.6791444
0.68085104
0.67724866
0.6789474
0.6806283
0.6822917
0.68393785
0.685567
0.6820513
0.68367344
0.6852792
0.68686867
0.6834171
0.685
0.68159205
0.6782178
0.67487687
0.67156863
0.6682927
0.66504854
0.66183573
0.65865386
0.6555024
0.65238094
0.6492891
0.6462264
0.64319247
0.6401869
0.6372093
0.6342593
0.6313364
0.6284404
0.6255708
0.6272727
0.6289593
0.6306306
0.63228697
0.6339286
0.6311111
0.63274336
0.6343612
0.63596493
0.6375546
0.6391304
0.64069265
0.64224136
0.639485
0.6367521
0.63404256
0.63559324
0.6371308
0.6344538
0.63179916
0.62916666
0.62655604
0.6280992
0.6296296
0.63114756
0.63265306
0.63414633
0.6315789
0.6330645
0.6345382
0.636
0.6374502
0.6388889
0.6403162
0.6417323
0.6431373
0.64453125
0.6459144
0.64728683
0.6486486
0.64615387
0.6475096
0.648855
0.6501901
0.6515151
0.6528302
0.65413535
0.65543073
0.6567164
0.65799254
0.65925926
0.65682656
0.6544118
0.6520147
0.649635
0.6472727
0.64492756
0.6425993
0.64028776
0.63799286
0.6357143
0.63345194
0.6347518
0.6360424
0.6373239
0.6385965
0.63986015
0.641115
0.6423611
0.6435986
0.6448276
0.6460481
0.64726025
0.64846414
0.6496599
0.65084743
0.652027
0.65319866
0.65436244
0.6555184
0.6533333
0.65448505
0.65562916
0.6567657
0.65789473
0.6590164
0.66013074
0.6612378
0.66233766
0.6634304
0.66451615
0.6655949
0.6666667
0.66773164
0.6687898
0.6698413
0.6708861
0.6687697
0.6698113
0.6708464
0.66875
0.6697819
0.66770184
0.6687307
0.6697531
0.6707692
0.66871166
0.6666667
0.66463417
0.662614
0.6606061
0.6586103
0.6566265
0.6546547
0.6526946
0.6507463
0.64880955
0.6498516
0.65088755
0.6519174
0.65
0.65102637
0.6520468
0.65014577
0.6511628
0.65217394
0.650289
0.65129685
0.65229887
0.6504298
0.6514286
0.65242165
0.6505682
0.6515581
0.65254235
0.6535211
0.6544944
0.6554622
0.6564246
0.6573816
0.65833336
0.6565097
0.6546961
0.6528926
0.6510989
0.64931506
0.647541
0.64850134
0.6467391
0.6476965
0.6486486
0.6469003
0.64784944
0.6487936
0.64973265
0.65066665
0.6515958
0.6525199
0.65343916
0.65435356
0.6526316
0.6535433
0.65445024
0.6553525
0.6536458
0.6545454
0.6554404
0.65633076
0.6572165
0.6580977
0.65897435
0.65984654
0.65816325
0.65648854
0.65482235
0.65316457
0.6515151
0.6523929
0.6507538
0.64912283
0.6475
0.6458853
0.6442786
0.6451613
0.6460396
0.6469136
0.6453202
0.64619166
0.64705884
0.64792174
0.64878047
0.649635
0.64805824
0.6489104
0.647343
0.64819276
0.64903843
0.6498801
0.6507177
0.6491647
0.65
0.65083134
0.6516588
0.6524823
0.6533019
0.65411764
0.65258217
0.6533958
0.6542056
0.65268064
0.6534884
0.65429235
0.6550926
0.65588915
0.656682
0.65747124
0.6582569
0.6590389
0.65753424
0.65603644
0.6568182
0.65759635
0.65837103
0.6591422
0.6599099
0.66067415
0.66143495
0.6621924
0.6629464
0.6636971
0.66444445
0.6651885
0.6659292
0.6666667
0.6674009
0.6681319
0.66885966
0.6695843
0.67030567
0.67102396
0.6717391
0.6724512
0.6731602
0.6738661
0.67456895
0.6752688
0.6738197
0.6745182
0.6752137
0.673774
0.67234045
0.6730361
0.6737288
0.67230445
0.6708861
0.67157894
0.6722689
0.672956
0.6736402
0.67432153
0.675
0.6756757
0.67634857
0.67701864
0.67561984
0.67628866
0.67695475
0.6755647
0.6741803
0.67484665
0.67346936
0.67209774
0.6707317
0.6693712
0.6700405
0.66868687
0.6673387
0.66599596
0.6646586
0.6633267
0.664
0.66467065
0.6633466
0.66202784
0.66071427
0.65940595
0.65810275
0.65680474
0.6574803
0.6561886
0.654902
0.6555773
0.6542969
0.65302145
0.651751
0.65048546
0.6492248
0.64796907
0.64671814
0.64547205
0.64615387
0.6449136
0.6436782
0.64435947
0.6450382
0.6438095
0.64448667
0.64326376
0.6439394
0.6446125
0.64528304
0.64595103
0.6466165
0.64727956
0.64606744
0.646729
0.64738804
0.6480447
0.64684016
0.6474954
0.6462963
0.64695007
0.6476015
0.64640886
0.64705884
0.64770645
0.64835167
0.6489945
0.649635
0.6502732
0.65090907
0.64972776
0.64855075
0.64918625
0.6498195
0.6486486
0.64928055
0.6499102
0.6505376
0.6511628
0.65178573
0.65062386
0.65124553
0.651865
0.6524823
0.65309733
0.65194345
0.6525573
0.65316904
0.65377855
0.6526316
0.6532399
0.65384614
0.65445024
0.65505224
0.65565217
0.65625
0.65684575
0.6574395
0.6580311
0.6586207
0.65920824
0.6597938
0.6603774
0.6609589
0.6615385
0.66211605
0.66269165
0.6632653
0.66213924
0.66101694
0.6615905
0.6621622
0.6627319
0.66161615
0.6621849
0.6627517
0.6633166
0.6638796
0.66444075
0.665
0.6655574
0.66611296
0.6650083
0.6655629
0.6644628
0.6650165
0.66556835
0.66611844
0.6666667
0.66721314
0.6661211
0.6666667
0.66721046
0.66775244
0.6682927
0.66883117
0.6693679
0.6699029
0.6704362
0.67096776
0.6698873
0.670418
0.670947
0.67147434
0.672
0.6709265
0.67145133
0.67197454
0.672496
0.6730159
0.67194927
0.6708861
0.67140603
0.6719243
0.67244095
0.672956
0.67346936
0.6739812
0.6744914
0.675
0.675507
0.67601246
0.67651635
0.67701864
0.6775194
0.6764706
0.67697066
0.67746913
0.6764253
0.67538464
0.67434716
0.6733129
0.67381316
0.6727829
0.67175573
0.6707317
0.6712329
0.67173254
0.67223066
0.67121214
0.67019665
0.66918427
0.668175
0.6671687
0.6661654
0.6651652
0.66416794
0.6631737
0.6621824
0.661194
0.66169894
0.66220236
0.6627043
0.6632047
0.6637037
0.6642012
0.6646972
0.6637168
0.66273934
0.6617647
0.66079295
0.6598241
0.6603221
0.6593567
0.65839416
0.6574344
0.65647745
0.65552324
0.65457183
0.65507245
0.65557164
0.65606934
0.65512264
0.6541787
0.6532374
0.65229887
0.65136296
0.6504298
0.6509299
0.6514286
0.6504993
0.65099716
0.65007114
0.6505682
0.6496454
0.65014166
0.6506365
0.65112996
0.6502116
0.64929575
0.64838254
0.6488764
0.6493689
0.64985996
0.64895105
0.64944136
0.64993024
0.6504178
0.65090406
0.65
0.65048546
0.6509695
0.6514523
0.6505525
0.64965516
0.6487603
0.6492435
0.64972526
0.6502058
0.64931506
0.6497948
0.6502732
0.65075034
0.65122616
0.6517007
0.65217394
0.6526459
0.6531165
0.6535859
0.65405405
0.65317136
0.65363884
0.654105
0.65456986
0.6550335
0.655496
0.65595716
0.65641713
0.65687585
0.6573333
0.6577896
0.65824467
0.65869856
0.6591512
0.65960264
0.6600529
0.66050196
0.6609499
0.66139656
0.6618421
0.66228646
0.6627297
0.6631717
0.66361254
0.6640523
0.6644909
0.6649283
0.66536456
0.66449934
0.6636364
0.66277564
0.6619171
0.6610608
0.6614987
0.6606452
0.6597938
0.65894467
0.6580977
0.6572529
0.6564103
0.6555698
0.65473145
0.65389526
0.6530612
0.6535032
0.65267175
0.65311307
0.6535533
0.6539924
0.6544304
0.65486723
0.655303
0.6557377
0.65617126
0.65660375
0.6570352
0.6574655
0.65789473
0.65707135
0.6575
0.6579276
0.6583541
0.65877956
0.659204
0.6596273
0.65880895
0.6592317
0.6596535
0.6600742
0.65925926
0.6596794
0.658867
0.6592866
0.65847665
0.65889573
0.65931374
0.65850675
0.6589242
0.6593407
0.6597561
0.6601705
0.6605839
0.6609964
0.66140777
0.6618182
0.66222763
0.66263604
0.6630435
0.66344994
0.66385543
0.66305655
0.66225964
0.66266507
0.66306955
0.66347307
0.6638756
0.6642772
0.6646778
0.6638856
0.6642857
0.6646849
0.6650831
0.66548043
0.6658768
0.66627216
0.6666667
0.6670602
0.6674528
0.66784453
0.6670588
0.66627496
0.66549295
0.6647128
0.6639344
0.6631579
0.6635514
0.6627771
0.66200465
0.661234
0.6604651
0.659698
0.6589327
0.6593279
0.6597222
0.6601156
0.6593534
0.6585928
0.65898615
0.65822786
0.65747124
0.6578645
0.6571101
0.6563574
0.6556064
0.65485716
0.65525115
0.65564424
0.65603644
0.6552901
0.6556818
0.6560726
0.6564626
0.65685165
0.6572398
0.6576271
0.6580135
0.6572717
0.6576577
0.6580427
0.65842694
0.6588103
0.6591928
0.65957445
0.65883666
0.6592179
0.65959823
0.6599777
0.66035634
0.6596218
0.66
0.6603774
0.6607539
0.6611296
0.66150445
0.66187847
0.66225165
0.66262406
0.6629956
0.6633663
0.6637363
0.66410536
0.6644737
0.6648412
0.66411376
0.66338795
0.66266376
0.6619411
0.66122
0.6605005
0.6597826
0.65906626
0.6583514
0.65763813
0.65800864
0.6572973
0.6565875
0.6569579
0.65625
0.65554357
0.6548387
0.65413535
0.65450644
0.65487677
0.65524626
0.655615
0.6559829
0.6563501
0.6567164
0.657082
0.6574468
0.6567481
0.65711254
0.6574761
0.657839
0.65820104
0.65856236
0.6589229
0.6592827
0.65964174
0.66
0.66035753
0.66071427
0.6610703
0.6614256
0.6617801
0.6621339
0.6624869
0.66283923
0.66214806
0.6614583
0.66077006
0.6600832
0.6593977
0.6587137
0.65906733
0.6594203
0.6597725
0.66012394
0.6604747
0.6608247
0.66117406
0.6615226
0.6618705
0.661191
0.6615385
0.66188526
0.6612078
0.6605317
0.659857
0.66020405
0.6605505
0.6608961
0.6612411
0.6615854
0.66192895
0.6622718
0.662614
0.66295546
0.6632963
0.6636364
0.6639758
0.6643145
0.6636455
0.6639839
0.6633166
0.6626506
0.66198593
0.66132265
0.6606607
0.66
0.6593407
0.65868264
0.6580259
0.65836656
0.65771145
0.65705764
0.6573982
0.6577381
0.6580773
0.65841585
0.6587537
0.65909094
0.65942746
0.65976334
0.6600985
0.66043305
0.66076696
0.66011786
0.6604514
0.6607843
0.66111654
0.6614481
0.6617791
0.6621094
0.66243905
0.66179335
0.66212267
0.6614786
0.66083574
0.66116506
0.6605238
0.66085273
0.66118103
0.6615087
0.66183573
0.6621622
0.6624879
0.6628131
0.6621752
0.6625
0.6628242
0.6621881
0.6615532
0.6618774
0.6622009
0.6625239
0.6628462
0.66316795
0.66348904
0.6628571
0.66222644
0.66159695
0.66096866
0.66034156
0.6606635
0.6600379
0.65941346
0.6587902
0.6581681
0.6575472
0.6569274
0.6563088
0.65569144
0.6550752
0.6553991
0.6557223
0.65604496
0.65636706
0.6566885
0.65607476
0.6563959
0.6567164
0.65703636
0.65735567
0.65767443
0.65799254
0.6583101
0.6586271
0.6589435
0.65833336
0.6577243
0.65804064
0.6583564
0.65867156
0.65898615
0.6593002
0.6596136
0.6599265
0.66023874
0.6605505
0.6608616
0.66117215
0.66148216
0.6608775
0.66118723
0.66149634
0.6608933
0.6612022
0.66151047
0.6618182
0.66212535
0.6615245
0.6618314
0.6621377
0.66244346
0.66274863
0.6630533
0.6633574
0.66366094
0.663964
0.6642664
0.66456836
0.6648697
0.66517055
0.66547084
0.6657706
0.6660698
0.66636854
0.6666667
0.6669643
0.6663693
0.6666667
0.6669635
0.6672598
0.6666667
0.6660746
0.66637087
0.6666667
0.6669619
0.66725665
0.66755086
0.66784453
0.66813767
0.6675485
0.66784143
0.6681338
0.6684257
0.668717
0.6681299
0.6675439
0.66783524
0.66725045
0.6666667
0.66608393
0.6655022
0.66492146
0.66434175
0.66376305
0.6640557
0.66347826
0.6637706
0.6631944
0.66261923
0.66204506
0.66147184
0.66089964
0.66032845
0.6597582
0.6591889
0.6594828
0.65977603
0.66006887
0.6595013
0.6589347
0.6583691
0.6578045
0.6572408
0.6566781
0.65611637
0.65555555
0.6558497
0.6552901
0.65473145
0.6541738
0.653617
0.6530612
0.653356
0.6536503
0.653944
0.6533898
0.6536833
0.6539763
0.6534235
0.6528716
0.6523207
0.65177065
0.6512216
0.6506734
0.65012616
0.6495798
0.64903444
0.64848995
0.64794636
0.64740366
0.6468619
0.64632106
0.6457811
0.6460768
0.64637196
0.64666665
0.64696085
0.6472546
0.64671654
0.64700997
0.6473029
0.64759535
0.64788735
0.64735097
0.6476427
0.6471074
0.6473988
0.64768976
0.6471558
0.6466227
0.6469136
0.6472039
0.64749384
0.6477833
0.64725184
0.647541
0.64782965
0.64811784
0.64840555
0.6486928
0.6489796
0.64845026
0.6487368
0.6490228
0.6493084
0.64878047
0.64825344
0.64772725
0.64720196
0.6466775
0.64615387
0.64644015
0.64672595
0.6462036
0.6464891
0.6467742
0.64705884
0.64653784
0.6468222
0.6471061
0.64658636
0.64686996
0.6463512
0.64663464
0.6469175
0.6472
0.64748204
0.64776355
0.6480447
0.6483254
0.6478088
0.6480892
0.64836913
0.64785373
0.64813346
0.6484127
0.64869153
0.6481775
0.64845604
0.64873415
0.64901185
0.6492891
0.6495659
0.64984226
0.65011823
0.6503937
0.65066874
0.6509434
0.6512176
0.65149134
0.6517647
0.6520376
0.6523101
0.6517997
0.65207195
0.65234375
0.65261513
0.6528861
0.65315664
0.65342677
0.6536965
0.6539658
0.65345764
0.6537267
0.6532195
0.6527132
0.6529822
0.6524768
0.65274554
0.6530139
0.65328187
0.6535494
0.6538165
0.6540832
0.6543495
0.6546154
0.6548809
0.6543779
0.6546431
0.654908
0.65440613
0.65390503
0.65416986
0.65443426
0.6539343
0.6534351
0.6529367
0.6532012
0.65346533
0.65296805
0.6532319
0.65349543
0.6537585
0.65402126
0.6542835
0.6545454
0.65404993
0.65431166
0.65457296
0.65407854
0.6535849
0.653092
0.65335345
0.65361446
0.65312266
0.65338343
0.6528926
0.6524024
0.6526632
0.65217394
0.65243447
0.6519461
0.6514585
0.6509716
0.65123224
0.65149254
0.6517524
0.65126675
0.65152645
0.6510417
0.6513011
0.6515602
0.6518189
0.65207714
0.65233505
0.6525926
0.65284973
0.6531065
0.6533629
0.65361893
0.6538745
0.6541298
0.6543847
0.6546392
0.6548933
0.6544118
0.6546657
0.6549192
0.6551724
0.6554252
0.6556777
0.65592974
0.65544987
0.65570176
0.6559532
0.6562044
0.65645516
0.65670556
0.65622723
0.6557496
0.6552727
0.65479654
0.6550472
0.6552975
0.6555475
0.6557971
0.65604633
0.65557164
0.65582067
0.65606934
0.6563177
0.65584415
0.6560923
0.65634006
0.6565875
0.6561151
0.6556434
0.6558908
0.6561378
0.6563845
0.6566308
0.6568768
0.65712243
0.65665233
0.6568978
0.6571429
0.65738755
0.65763193
0.65787596
0.6574074
0.6569395
0.65647227
0.6567164
0.65696025
0.6572037
0.6574468
0.6576896
0.657932
0.6581741
0.65841585
0.65865725
0.6588983
0.65913904
0.6593794
0.65961945
0.65915495
0.65869105
0.65822786
0.658468
0.65870786
0.65894735
0.65918654
0.6594254
0.65896356
0.6592022
0.6594406
0.6596785
0.6599162
0.6594557
0.6596932
0.6599303
0.66016716
0.6604036
0.66063976
0.6608756
0.6611111
0.6613463
0.66158116
0.66181564
0.6620499
0.6615917
0.6618257
0.6620594
0.66229284
0.6625259
0.66275865
0.66230184
0.66184574
0.66207844
0.66231084
0.66254294
0.66277474
0.6630062
0.66255146
0.6627827
0.6630137
0.66324437
0.6634747
0.6630212
0.66256833
0.66279864
0.66302866
0.6632584
0.66348773
0.6637168
0.6632653
0.6634942
0.6637228
0.66327226
0.66282225
0.66305083
0.6632791
0.6635071
0.6637348
0.6639621
0.66418916
0.66441596
0.6639676
0.6641942
0.6644205
0.6639731
0.6641992
0.664425
0.66465056
0.66487575
0.6651007
0.6653253
0.6655496
0.66577363
0.66532797
0.66555184
0.6657754
0.66599864
0.6662216
0.6664443
0.6666667
0.6668887
0.6671105
0.667332
0.6675532
0.6677741
0.6673307
0.6668879
0.6671088
0.6673294
0.66754967
0.6677697
0.66798943
0.66820884
0.668428
0.6686469
0.6682058
0.66842455
0.66864294
0.6688611
0.66907895
0.6692965
0.6695138
0.6697308
0.6699475
0.6701639
0.66972476
0.66994107
0.6701571
0.6703728
0.67058825
0.6701502
0.6697128
0.66992825
0.6701434
0.6703583
0.6699219
0.669486
0.6690507
0.668616
0.66818184
0.6677482
0.6673152
0.6668827
0.6664508
0.66601944
0.6655886
0.6658048
0.6660207
0.6662363
0.66645163
0.6666667
0.66688144
0.66645205
0.6666667
0.666881
0.66645247
0.6666667
0.6668806
0.6670943
0.6673077
0.6675208
0.66773367
0.6679463
0.6681586
0.66773164
0.66730523
0.6668794
0.66709185
0.66730404
0.66751593
0.6677276
0.66793895
0.66815
0.6683609
0.6685714
0.6681472
0.6683577
0.6679341
0.6681444
0.66835445
0.6679317
0.6681416
0.66835123
0.6685606
0.6687697
0.6689786
0.6691871
0.66939545
0.6696035
0.6698113
0.67001885
0.67022616
0.67043316
0.6706399
0.6708464
0.67105263
0.6712586
0.6714643
0.6716698
0.671875
0.6714553
0.6716604
0.6718652
0.6714464
0.67165107
0.67185557
0.67143744
0.67164177
0.67122436
0.6708075
0.6703911
0.6705955
0.67079973
0.6703841
0.669969
0.6695545
0.6697588
0.66934484
0.6689314
0.66851854
0.6681061
0.6683107
0.6685151
0.66871923
0.6689231
0.6691267
0.6687154
0.6689189
0.66912216
0.6693252
0.6695279
0.66973037
0.6693203
0.66952264
0.66972476
0.66992664
0.6701283
0.66971916
0.6699207
0.6695122
0.6697136
0.6699147
0.669507
0.66909975
0.668693
0.66828674
0.667881
0.6674757
0.6676774
0.6678788
0.66808
0.6682809
0.6684815
0.668682
0.6688822
0.6690821
0.66928184
0.6694813
0.66968054
0.6698795
0.6700783
0.67027676
0.67047507
0.6706731
0.67027026
0.66986793
0.6694661
0.66906476
0.669263
0.6694611
0.6696589
0.6698565
0.66945606
0.66965353
0.6692537
0.66945106
0.6696482
0.66984504
0.6700417
0.6702381
0.67043424
0.6706302
0.6708259
0.67042756
0.6706231
0.6708185
0.67101365
0.6706161
0.67021906
0.6698225
0.6700177
0.67021275
0.67040753
0.67060214
0.67079645
0.6709906
0.6711844
0.6713781
0.6715715
0.67176473
0.6713698
0.67156285
0.67175573
0.6719484
0.6721408
0.67233294
0.67252487
0.6727166
0.6729081
0.6730994
0.6732905
0.6734813
0.6736719
0.67386234
0.6740525
0.67424244
0.67384976
0.6740396
0.6742292
0.6744186
0.6746078
0.67479676
0.67498547
0.675174
0.67478263
0.67497104
0.6751592
0.6753472
0.67553496
0.67572254
0.6759099
0.676097
0.67570686
0.6758939
0.6760807
0.67626727
0.6758779
0.67548907
0.6751006
0.67471266
0.6743251
0.673938
0.6741251
0.67373854
0.6733524
0.6729668
0.67258155
0.6727689
0.672956
0.67314285
0.67332953
0.6729452
0.67313176
0.67331815
0.6729345
0.67312074
0.67330676
0.6734926
0.6736782
0.67386365
0.67404884
0.67423385
0.6744186
0.67403626
0.674221
0.67440546
0.6745897
0.67477375
0.6749576
0.6751412
0.6753247
0.6755079
0.6751269
0.67531
0.67549294
0.6756757
0.6758582
0.67547804
0.6756605
0.6752809
0.6754632
0.67564535
0.67582726
0.6754484
0.6756303
0.6758119
0.67599326
0.6761745
0.6763555
0.6765363
0.6767169
0.67689735
0.67707753
0.67725754
0.6774373
0.67761695
0.6777963
0.67741936
0.67759866
0.67777777
0.6779567
0.6781354
0.6783139
0.67849225
0.6781163
0.6777409
0.6773658
0.67699116
0.6771697
0.6773481
0.67752624
0.6777042
0.67788196
0.6780595
0.6782369
0.6784141
0.6785911
0.67876786
0.67894447
0.6791209
0.6792971
0.6794731
0.6791004
0.67872804
0.6789041
0.67907995
0.6792556
0.6794311
0.6796063
0.67978144
0.6799563
0.680131
0.6803055
0.6804798
0.6806539
0.6808279
0.6810016
0.6811752
0.68134856
0.6815217
0.68169475
0.68186754
0.68204015
0.6822126
0.68238485
0.68255687
0.68272877
0.6829004
0.6830719
0.6832432
0.6834144
0.6835853
0.68375605
0.68392664
0.68409705
0.6842672
0.6844373
0.6846071
0.68423885
0.6844086
0.6845782
0.6847476
0.6849168
0.68508583
0.6852547
0.6854234
0.6855919
0.6857602
0.6859283
0.68609625
0.68626404
0.68643165
0.686599
0.68676627
0.6864
0.68603414
0.6862014
0.685836
0.685471
0.6851064
0.68527377
0.68490964
0.685077
0.68471336
0.6848806
0.68504775
0.68521464
0.68538135
0.6855479
0.6857143
0.6858805
0.68604654
0.68621236
0.68637806
0.6865435
0.68670887
0.68687403
0.687039
0.68720376
0.6873684
0.6875329
0.6876972
0.68786126
0.68802524
0.68818897
0.6883526
0.688516
0.6886792
0.6888423
0.68900526
0.689168
0.6893305
0.68949294
0.6896552
0.68981725
0.6894572
0.6890975
0.6887383
0.6889005
0.68854165
0.68818325
0.6878252
0.6874675
0.6871102
0.6867533
0.68639666
0.68604046
0.6856846
0.6858476
0.68601036
0.6856551
0.6858178
0.6859803
0.6861427
0.6863049
0.68646693
0.6866288
0.6867905
0.68695205
0.6871134
0.6872746
0.6874356
0.6875965
0.6877572
0.6879177
0.6880781
0.6882383
0.68839836
0.6885582
0.6882051
0.6878524
0.6880123
0.68766004
0.6873081
0.6869565
0.68660533
0.68676543
0.6864147
0.6860643
0.6857143
0.6853646
0.685525
0.6851758
0.68533605
0.6854962
0.68565613
0.685816
0.6859756
0.6861351
0.6857868
0.6859462
0.6861055
0.6862646
0.6859169
0.6860759
0.68623483
0.6863935
0.68655205
0.6867105
0.68686867
0.68652195
0.6861756
0.68633384
0.6859879
0.6861461
0.68630415
0.686462
0.6866197
0.6867773
0.68693465
0.6870919
0.687249
0.6869042
0.6870612
0.68721807
0.6873748
0.6875313
0.6876877
0.6878439
0.688
0.68815595
0.6883117
0.6884673
0.6886228
0.68877804
0.6889332
0.68908817
0.689243
0.6893977
0.68955225
0.6897066
0.6898608
0.6900149
0.6901688
0.6903226
0.6904762
0.69013387
0.6902874
0.69044083
0.690099
0.69025236
0.69040555
0.69006425
0.6902174
0.68987656
0.68953604
0.6896892
0.6898422
0.68999505
0.69014776
0.69030035
0.69045275
0.69060504
0.6902655
0.6904177
0.69056976
0.69072163
0.6908734
0.691025
0.6906863
0.6908378
0.69098926
0.6911405
0.6912916
0.69144255
0.6911046
0.6912555
0.69091797
0.6905808
0.6902439
0.6899074
0.68957114
0.68923527
0.6888997
0.6890511
0.6892023
0.6893534
0.6890185
0.6891695
0.68883497
0.6885007
0.68816686
0.68831795
0.68798447
0.68813556
0.68828654
0.68843734
0.688588
0.6887385
0.6888889
0.6890391
0.6891892
0.6893391
0.6894889
0.68963856
0.68978804
0.6894559
0.6896054
0.68975466
0.68990386
0.69005287
0.6902017
0.6903505
0.69049907
0.6906475
0.6907958
0.69094396
0.69109195
0.69123983
0.69138753
0.6910569
0.6912046
0.6913521
0.69149953
0.69164675
0.6917939
0.69194084
0.6920877
0.6922344
0.69238096
0.69252735
0.6926736
0.69234425
0.69201523
0.6921615
0.6923077
0.6919791
0.69212526
0.69227123
0.6924171
0.69256276
0.6927083
0.69285375
0.69299906
0.6931442
0.6932892
0.6934341
0.69357884
0.69372344
0.6938679
0.6940123
0.69415647
0.69430053
0.69397366
0.69411767
0.69426155
0.69440526
0.69454885
0.6946924
0.6943662
0.69404036
0.6937148
0.6933896
0.6930647
0.69274
0.6924157
0.6920917
0.6922357
0.6919121
0.69158876
0.6917328
0.69187677
0.69202054
0.6921642
0.6923077
0.6919851
0.69212854
0.6922719
0.69241506
0.6925581
0.69270104
0.69284385
0.69252205
0.6926648
0.69280744
0.6924861
0.6926286
0.6927711
0.6929134
0.69305557
0.6931976
0.6933395
0.69348127
0.69362295
0.69376445
0.69390583
0.6940471
0.6941882
0.6943292
0.69447005
0.6946108
0.6947514
0.69489187
0.6950322
0.6951724
0.69485295
0.69499314
0.69513315
0.69527304
0.6954128
0.6955525
0.695692
0.6958314
0.69551283
0.6956522
0.6957914
0.69547325
0.69561243
0.6957515
0.6958904
0.6960292
0.6961679
0.6963064
0.69644487
0.69658315
0.6967213
0.69685936
0.6965423
0.6962256
0.6959091
0.69559294
0.69527704
0.6949614
0.6946461
0.69433105
0.69401634
0.69370186
0.69384056
0.6939792
0.69411767
0.6938037
0.6939421
0.6940804
0.69376695
0.6939052
0.69404334
0.6941813
0.6943192
0.69445693
0.6945946
0.6947321
0.69486946
0.6950067
0.6951439
0.69483143
0.6949686
0.6946565
0.6947935
0.69493043
0.6950673
0.69520396
0.6953405
0.69547695
0.69561327
0.69574946
0.69588554
0.69602144
0.6961573
0.696293
0.6964286
0.696564
0.6966994
0.6963888
0.6965241
0.69665927
0.6967943
0.6969292
0.6966192
0.6967541
0.69644445
0.6965793
0.69671404
0.69684863
0.69698316
0.6971175
0.6972518
0.6973859
0.69751996
0.69765383
0.6977876
0.6979213
0.6980548
0.69818825
0.6983216
0.69845474
0.6981465
0.69783854
0.69753087
0.6972234
0.6973568
0.6974901
0.6971831
0.69731635
0.69744945
0.6975824
0.6977153
0.697848
0.6975417
0.69723564
0.69736844
0.6975011
0.6976337
0.6977661
0.69789845
0.69803065
0.69816273
0.6982947
0.69842654
0.69855833
0.69868994
0.6988215
0.69895285
0.69864804
0.6987794
0.69891065
0.6990418
0.69917285
0.69930375
0.6994345
0.6991304
0.6992612
0.69939184
0.6995224
0.6996528
0.6993492
0.69947964
0.6996099
0.69974005
0.69987005
0.7
0.7001298
0.7002595
0.7003891
0.7005186
0.70064795
0.7007772
0.70090634
0.7010354
0.7011643
0.7012931
0.700991
0.7006891
0.7003874
0.70051634
0.70064515
0.70077384
0.7004727
0.7006014
0.7007299
0.70085835
0.7005577
0.7006861
0.7008144
0.70051414
0.7006424
0.70077056
0.7008986
0.7010265
0.7007268
0.7008547
0.7005553
0.7006832
0.7008109
0.7009386
0.7010661
0.7011935
0.7013208
0.701448
0.70157516
0.7017021
0.701829
0.7019558
0.70208246
0.702209
0.7023355
0.7024618
0.702588
0.70271415
0.7024163
0.70254236
0.70266837
0.70279425
0.70292
0.70304567
0.70317125
0.7032967
0.7029996
0.703125
0.7032503
0.7033755
0.7035006
0.7036256
0.70375055
0.7038753
0.704
0.70412457
0.704249
0.7043734
0.7044977
0.70462185
0.7047459
0.70486987
0.70457405
0.70469797
0.7048218
0.7049455
0.7050691
0.7051926
0.705316
0.7054393
0.7051443
0.70526755
0.70539075
0.7055138
0.7052192
0.70534223
0.70504797
0.705171
0.7052939
0.7054167
0.70553935
0.7052456
0.7053683
0.7054908
0.7056133
0.7057357
0.70585793
0.70598006
0.705687
0.7058091
0.7059311
0.7060531
0.7057605
0.7054681
0.70559007
0.705298
0.70541996
0.7055418
0.7056635
0.7057851
0.7059066
0.7060281
0.7061494
0.70627064
0.70639175
0.70651275
0.7066337
0.7067545
0.70687526
0.7069959
0.70670503
0.7068257
0.70694613
0.70706654
0.7071869
0.70730704
0.70742714
0.707137
0.7072571
0.7073771
0.7070873
0.7072072
0.70732707
0.7074468
0.70756644
0.707686
0.70780545
0.70792484
0.7080441
0.70816326
0.70828235
0.7084013
0.7085202
0.70863897
0.70875764
0.7088762
0.7089947
0.7091131
0.7092314
0.7093496
0.7094677
0.7095857
0.7097036
0.7098214
0.7099391
0.7100568
0.7101743
0.70988655
0.71000403
0.71012145
0.7098341
0.7095469
0.70926
0.7093775
0.70949495
0.70961225
0.7097295
0.7098467
0.7099637
0.7100806
0.7101975
0.70991135
0.7100282
0.71014494
0.7102616
0.70997584
0.7100925
0.7098071
0.7099237
0.71004015
0.71015656
0.71027285
0.7103891
0.7105052
0.71062124
0.71073717
0.71085304
0.7109688
0.7110844
0.7112
0.71131545
0.71143085
0.7115461
0.71166134
0.71177644
0.7118915
0.7120064
0.7117225
0.71143883
0.7115538
0.71166867
0.71178347
0.71189815
0.71161497
0.711332
0.71144676
0.7115614
0.71167594
0.7117904
0.7115079
0.71162236
0.71173674
0.711851
0.71196514
0.7120792
0.7117973
0.7119114
0.71162975
0.7117438
0.71146244
0.71157646
0.71169037
0.7118042
0.71191794
0.71203154
0.7117508
0.7118644
0.71197796
0.7120914
0.7122047
0.712318
0.71243113
0.71254426
0.7122642
0.7123772
0.7120974
0.7118178
0.71193093
0.71204394
0.7121569
0.7122697
0.71238244
0.7124951
0.7126077
0.71272016
0.7124413
0.7125538
0.71266615
0.71277845
0.7128906
0.71300274
0.71311474
0.7132267
0.71333855
0.7134503
0.71356195
0.71367353
0.71378505
0.7135072
0.7136187
0.71373004
0.7138414
0.7139526
0.7136752
0.7137864
0.7138975
0.7140085
0.7141195
0.7142303
0.7143411
0.7144518
0.71456236
0.71467286
0.7143963
0.7141199
0.71384376
0.7139544
0.7140649
0.7137891
0.7138996
0.71362406
0.71373457
0.71384495
0.7139553
0.7140655
0.71417564
0.71428573
0.7140108
0.7141208
0.7142308
0.7143406
0.7144504
0.71456015
0.71428573
0.7143954
0.7141213
0.71384734
0.71357363
0.7133001
0.7130268
0.7127537
0.71248084
0.7122082
0.71193576
0.7120459
0.71215594
0.71226597
0.7123759
0.7124857
0.7125954
0.7127051
0.7128146
0.7129241
0.71303356
0.7131429
0.71325207
0.71336126
0.71347034
0.7135793
0.7136882
0.71379703
0.71390575
0.7140144
0.714123
0.7142315
0.7143399
0.7144482
0.71455646
0.71466464
0.7147727
0.7148807
0.71498865
0.7150965
0.71520424
0.7153119
0.71541953
0.715527
0.71563447
0.7157418
0.71584904
0.71557903
0.71568626
0.7154165
0.7155237
0.71525425
0.71498495
0.71471584
0.71444696
0.71417826
0.71428573
0.7140173
0.71374905
0.713481
0.7132132
0.71332085
0.7134284
0.7135358
0.7136432
0.7137505
0.71385765
0.71359044
0.7136976
0.7138047
0.7139118
0.7140187
0.7141256
0.7142323
0.7143391
0.7144457
0.7145522
0.71465874
0.7147651
0.7148714
0.7149776
0.7150838
0.7148176
0.7149237
0.7150298
0.71513575
0.7152416
0.71497583
0.71508175
0.71518755
0.7152932
0.7153989
0.71550447
0.7156099
0.71571535
0.71545017
0.71518517
0.7152906
0.715396
0.7155013
0.7156065
0.71571165
0.7158167
0.7159217
0.7160266
0.71576226
0.71549815
0.7156031
0.71533924
0.71507555
0.7148121
0.7145488
0.71428573
0.7140228
0.71376014
0.71349764
0.7132353
0.7129732
0.7127112
0.7128168
0.71255505
0.71266055
0.7123991
0.71250457
0.71260995
0.7123488
0.7124542
0.7121933
0.71193266
0.71203804
0.71214336
0.7122486
0.71198833
0.71209353
0.7121987
0.71230376
0.7124088
0.71214885
0.7122538
0.7119942
0.71209913
0.712204
0.7123088
0.71241355
0.7125182
0.71262276
0.71272725
0.7128317
0.71293604
0.7130403
0.71314454
0.7132486
0.71298987
0.71309394
0.7128354
0.71293944
0.7126812
0.71278524
0.71252716
0.7126312
0.7123734
0.7121157
0.71221983
0.71232384
0.71242774
0.7125316
0.7126354
0.7127391
0.7128427
0.7129463
0.71304977
0.7127928
0.7128962
0.71299964
0.71310294
0.7132062
0.71330935
0.71305287
0.713156
0.7132591
0.71300286
0.7131059
0.7132089
0.7133118
0.71305597
0.71280026
0.7129032
0.7130061
0.7131089
0.7132116
0.71331424
0.7134168
0.71351933
0.71362174
0.7137241
0.71382636
0.7139286
0.7140307
0.7141328
0.713878
0.71398
0.7137255
0.7138275
0.7139295
0.71403134
0.71413314
0.7142349
0.7143365
0.71443814
0.71453965
0.7146411
0.7147424
0.71484375
0.71459
0.7146913
0.7147925
0.71489364
0.71499467
0.7150957
0.7151966
0.71529746
0.71539825
0.7154989
0.7155996
0.71570015
0.7154471
0.7155477
0.7156482
0.7157486
0.7158489
0.7159492
0.7160494
0.7161495
0.7162496
0.71634954
0.71609724
0.7161972
0.7162971
0.7163969
0.71649665
0.71659636
0.7163445
0.71644413
0.71654373
0.7166433
0.7167427
0.7168421
0.7169414
0.71704066
0.71678936
0.7165382
0.7162872
0.71603644
0.7161358
0.7162351
0.7163344
0.7164336
0.7165327
0.7166317
0.7167307
0.7168296
0.7165794
0.7166783
0.71677715
0.71687585
0.71697456
0.71707314
0.7171717
0.7172702
0.7173686
0.71746695
0.71756524
0.7176634
0.7177616
0.7178596
0.7176103
0.7173611
0.7171121
0.7172103
0.7169615
0.7170596
0.7168111
0.7169092
0.7170073
0.71710527
0.7172032
0.717301
0.7173988
0.7174965
0.7175942
0.7176918
0.7177893
0.71788675
0.71798414
0.7180814
0.7181787
0.71827585
0.718373
0.71847004
0.7182225
0.71831954
0.7184165
0.7185134
0.7186102
0.718707
0.71845996
0.7185567
0.7186534
0.71875
0.71850324
0.71859986
0.7186964
0.71879286
0.7188893
0.7189856
0.7190819
0.7191781
0.71893185
0.7186858
0.71878207
0.71853626
0.7182906
0.7183869
0.71814144
0.71789616
0.71765107
0.71740615
0.71750253
0.7175989
0.7176952
0.71779144
0.7178876
0.71798366
0.7180797
0.71817565
0.7182715
0.71836734
0.7184631
0.7182189
0.71831465
0.7180706
0.7181664
0.7182621
0.7183576
0.71811396
0.71820956
0.7183051
0.71840054
0.7184959
0.7185913
0.7186865
0.7187817
0.71887684
0.7189719
0.7187289
0.71848595
0.7185811
0.71867615
0.7187711
0.718866
0.7189609
0.71905565
0.71915036
0.719245
0.7193396
0.71943414
0.7195286
0.719623
0.7197174
0.7198116
0.71990585
0.72
0.7200941
0.7201881
0.7202821
0.72004026
0.7197987
0.7198927
0.71998656
0.72008044
0.72017425
0.720268
0.7200268
0.72012055
0.7202142
0.72030777
0.7200669
0.7201605
0.720254
0.72034746
0.72044086
0.7205342
0.7206275
0.7207207
0.7208139
0.72057354
0.72033334
0.7204265
0.72051966
0.7202797
0.72037286
0.7201331
0.7198936
0.71965414
0.7194149
0.7195082
0.71960133
0.71969444
0.71978754
0.7198805
0.71997344
0.7200663
0.7201592
0.7202519
0.72001326
0.720106
0.7201987
0.7202913
0.7203838
0.7201455
0.7202381
0.7203306
0.720423
0.7205154
0.72060764
0.72036976
0.720462
0.7205543
0.72064644
0.72040886
0.720501
0.7205931
0.7206851
0.72044784
0.7205398
0.72030276
0.72039473
0.7204867
0.72057855
0.7206704
0.72076213
0.72085387
0.7206172
0.7203807
0.72014433
0.7199082
0.71967214
0.7194362
0.71920055
0.71896493
0.71872956
0.7184943
0.71825916
0.7180242
0.7177894
0.71755475
0.7176471
0.7174126
0.7171783
0.71694416
0.7167102
0.7164763
0.7162427
0.71600914
0.7161017
0.7161942
0.71628666
0.71637905
0.7164714
0.71656364
0.71665585
0.71674794
0.71684
0.71693206
0.717024
0.71711594
0.7172078
0.71697503
0.7170668
0.71683425
0.7169261
0.7170178
0.7171095
0.7172012
0.7172927
0.7173843
0.7174757
0.71756715
0.71765846
0.7177498
0.7175178
0.71760905
0.71770024
0.71779144
0.7178825
0.71797353
0.7180645
0.71815544
0.7182463
0.7183371
0.71842784
0.7185185
0.71860915
0.7186997
0.71879023
0.718559
0.7186495
0.7187399
0.71883035
0.71892065
0.7190109
0.71910113
0.71919125
0.7189605
0.71873
0.71882015
0.7185897
0.7186799
0.71877
0.7188601
0.7189501
0.71904
0.71912986
0.7192197
0.71930945
0.71939915
0.7194888
0.7195784
0.719668
0.71975744
0.71984684
0.7199362
0.72002554
0.72011477
0.72020394
0.7202931
0.72038215
0.7204712
0.72056013
0.72064906
0.7204198
0.72019076
0.7199619
0.71973306
0.7195045
0.71927595
0.71936506
0.71945417
0.71954316
0.7196321
0.7194039
0.71949285
0.7195817
0.7196706
0.71975935
0.71984804
0.7196202
0.7193926
0.71948135
0.7192539
0.7193426
0.7191153
0.71920407
0.7192927
0.71906567
0.7191543
0.71924293
0.71933144
0.71910465
0.7191932
0.7192817
0.71937007
0.71945846
0.71954674
0.71932036
0.71940863
0.71949685
0.71958506
0.71967316
0.71976125
0.7198492
0.7199372
0.7200251
0.720113
0.7202008
0.7202885
0.7203762
0.7204638
0.7202381
0.7203257
0.72041327
0.72050077
0.7205882
0.72067565
0.72076297
0.7208503
0.7209375
0.7210247
0.72111183
0.72119886
0.7209738
0.7210609
0.72114784
0.720923
0.72100997
0.7207853
0.7208723
0.72064775
0.7207347
0.7208217
0.7209085
0.7209953
0.72077113
0.7208579
0.7206339
0.7207207
0.72080743
0.72089416
0.72098076
0.7210673
0.72115386
0.7212403
0.72101676
0.7207933
0.7208798
0.7209662
0.72105265
0.72113895
0.72122526
0.72131145
0.72139764
0.72148377
0.72156984
0.7213469
0.721433
0.721519
0.7212963
0.72138226
0.7214682
0.7215541
0.72163993
0.7217257
0.7218115
0.7218971
0.7219828
0.7220683
0.72184616
0.72162414
0.7217097
0.72179526
0.72188073
0.7219662
0.7220516
0.7218299
0.7219153
0.72169375
0.7214724
0.72125113
0.7213366
0.721422
0.7215074
0.72159266
0.7213717
0.721457
0.72154224
0.7216274
0.7217125
0.72179765
0.72188264
0.72196764
0.7217471
0.72183204
0.721917
0.72200185
0.7220866
0.72217137
0.7222561
0.72234076
0.72242534
0.7225099
0.7225944
0.72267884
0.72276324
0.7228476
0.72293186
0.72301614
0.7231003
0.72318447
0.7232685
0.72335255
0.72343653
0.72352046
0.7236044
0.7236882
0.723772
0.72385573
0.7236364
0.7237201
0.72380376
0.7235846
0.7236683
0.7237519
0.72383547
0.723919
0.7240024
0.7240858
0.7241692
0.72425246
0.72433573
0.72441894
0.7245021
0.72458524
0.72466826
0.7247513
0.72483426
0.7249172
0.725
0.7250828
0.72516555
0.7252483
0.72533095
0.72541356
0.7254961
0.7255786
0.72566104
0.7257435
0.72582585
0.72590816
0.7256903
0.72577256
0.7258548
0.725937
0.7260192
0.7261013
0.72618335
0.72596586
0.7257485
0.7255313
0.7253142
0.72539634
0.72517943
0.72526157
0.7253437
0.7254258
0.72550774
0.72558975
0.72567165
0.7257535
0.7258353
0.7259171
0.7259988
0.7260805
0.7261621
0.7262437
0.7263252
0.7264067
0.72619045
0.7262719
0.72635335
0.7264347
0.72651607
0.7263001
0.7263815
0.7261657
0.726247
0.7263283
0.7264095
0.7264907
0.72657174
0.7263564
0.72643745
0.7265185
0.7265995
0.72668046
0.7267614
0.7265463
0.72633135
0.7264123
0.72619754
0.7262784
0.72635937
0.7264402
0.72652096
0.7266017
0.72638726
0.72646797
0.7265487
0.7266293
0.7267099
0.7267904
0.72687095
0.7269514
0.7270318
0.7271122
0.72719246
0.72727275
0.7270588
0.72713906
0.7269253
0.72671175
0.72649825
0.72628486
0.72607166
0.72615206
0.7262324
0.7263127
0.726393
0.72647315
0.72626024
0.72604746
0.7261277
0.7262079
0.7262881
0.7263682
0.72644824
0.72623575
0.7263158
0.7263958
0.7264757
0.7262635
0.72634345
0.7264234
0.7262113
0.72629124
0.72637105
0.7261592
0.7262391
0.72631884
0.7263986
0.7264783
0.72655797
0.72663754
0.7267171
0.7267966
0.7268761
0.72695553
0.72703487
0.7271142
0.7271935
0.72727275
0.7273519
0.72743106
0.72751015
0.7275892
0.7276682
0.7274572
0.72753626
0.72732544
0.7274044
0.72748333
0.72756225
0.7276411
0.7277199
0.72779864
0.7278774
0.727667
0.72774565
0.72782433
0.7276141
0.7276927
0.72777134
0.7278499
0.72792846
0.7280069
0.72808534
0.7281637
0.7282421
0.72832036
0.7283986
0.7281889
0.7279793
0.72805756
0.72813576
0.7279264
0.7280046
0.7280828
0.7281609
0.728239
0.72802985
0.7278209
0.72789896
0.72797704
0.72805506
0.72784626
0.7279243
0.7280023
0.7280802
0.7281581
0.72823596
0.72831374
0.7283915
0.72846925
0.7285469
0.7283386
0.72813034
